fX
5718194503.589812
146375768.969961
287225942.5697441
356398664.9791162
9289236427.645248
625402385.1398262
69406964.91082676
444362422.53738326
2160155711.220099
506725064.9987057
9561378739.298698
1114384383.7059073
342985190.45340943
10002628581.122238
5114143099.419391
1257682469.5570674
3242635264.8552585
1062014501.6610149
8880627386.977203
656038832.440013
504434075.2860322
3070351699.1373024
1150496421.7978609
257431784.03877366
1905688293.6442761
316132505.2730101
5251741278.915489
342025965.35900986
275868879.2476848
291127782.9096916
7561002771.317168
476174549.4603263
4902491659.567778
1374947614.849883
554823614.6549089
222568111.60346845
933426867.4947394
282862548993.4587
497922345.151922
1393535437.5893807
325167857.49308085
5154249588.289486
623937432.3734813
2046979157.074502
1891712402.7339616
250946165.19404846
242153170.0375429
4109909507.0077896
1845056569.082063
820197230.9249051
8192739909.6561165
1470953865.6755571
487814665.22448003
1066872841.2019291
485050267.8959317
630338812.9112811
1174518989.8782673
1800983562.0191677
486902582.50042605
232530710.16334808
243932484.93519002
10139715622.685377
222182219.6560738
265672601.02732307
21358096259.596222
726316034.0810808
1314182114.7474184
313967983.56376374
645697324.2835324
10397979369.258045
7730261402.777072
578232092.5973155
2335120682.5774713
801571201.8243957
562206385.2171738
793396903.6375941
4307349217.559635
453080418.087573
474328929.9082217
449413895.2396388
1407063592.0130556
7135871065.208696
844824708.1872196
317810186.97526836
803454570.787172
3453922401.0390444
1124706926.5221543
1411070996.9188259
929474306.3856725
7817838728.408607
453105270.687634
3314728564.1974435
1046848912.480111
2794584900.00061
4631584097.680346
1795565588.2817507
1234574135.9096673
1845645683.3003268
752860608.3605429
3141634717.1591554
875552267.850259
880114529.4337287
3720684611.250781
7051716583.44306
5108215605.0473795
783796186.4998324
830009001.4965196
2681487189.926157
16886083196.416193
6421983826.834173
6555618141.811534
3709732995.796938
11146678941.81827
401847564.83188117
235378258.51170683
354588911.093661
3318427644.307629
232265901.43418443
930741722.0030487
2586838531.014567
1554643773.7841244
3386273773.252299
1071678124.0327374
6138835661.417201
821632016.4851674
980618590.3563303
1167223510.547652
2354408791.6338344
7024454627.212145
524041863.1541588
16705185786.052406
2840159528.3144054
2751751788.5321608
1516436379.009763
899292576.0964913
5286402656.849337
1454059526.1034677
7102972483.313268
8462184078.856044
884181062.6589444
30889495224.73605
18106059423.82918
2232781633.290123
435143865.1190913
372977137.1984556
1735355392.6505795
474197127.5380137
5339465066.254769
1105550159.832442
19765806177.971844
3068218937.888473
3040113091.5391436
614477911.6580434
5365177485.567511
223892720.34010366
726680757.460648
3890266426.2310996
10821897585.194378
438025488.6297905
430512434.69641006
172753462.82404807
323944816.5782949
420755069.859805
988065915.8429196
317961339.2294197
691013073.1136651
408439079.57966465
25970248964.333313
1560645512.647319
795480540.8819375
788891159.0181799
478404882.7881182
354312462.2838665
212451504.1283928
1334291704.4770205
6314823080.412346
101022858124.13466
849143325.063541
18211648217.39991
393484450.30047315
1575627663.3462498
327754011.44582295
1970589357.5340805
1402128125.8158529
451296192.7751706
202102252.5851932
1557999518.0739827
275170426.7337393
32244641125.172024
10396585307.131145
8470928627.844169
2434457154.8755445
661626388.0180246
27732132647.376984
701842442.9272792
488376604.635271
1282671265.7755253
13816291037.931753
754517437.8951608
302470376.1029178
23229239919.12615
549632731.193941
18139262851.977142
554303738.7684832
1538480625.8801384
602825204.5224265
2810457467.815233
281087037.99730676
583187285.3004504
1353506658.0891879
1053893735.1045752
982446869.9113698
579482911.6896291
446472634.1292841
537212479.5954186
288451372.30296683
3141247373.1962476
444792989.8447286
646747597.0271455
1432003540.3858006
2578652840.3181276
975310470.5050143
1290857097.1053734
4741122338.875157
6710772603.893443
473173156.23517936
1684602990.028587
1640833896.714772
9322231577.839334
286058711.26248854
796117513.8822795
920893814.4198924
2157993268.761536
3804716546.379688
612731143.1792582
1019666156.0040953
43131409110.43796
4926600100.414589
1428317095.6560357
493819877.2337575
4466585901.631012
72542043445.40436
3730759568.6426826
3288215999.8819237
583450670.1199626
1278822593.0748575
522205739.2331495
1239817315.407816
500951056.01917
1026055789.4369737
3553256867.3290977
9755247135.183674
362300703.0970577
1569099877.008256
42353424275.53806
1474342747.6193352
301451487.33407533
7493612122.79247
1206058189.3290877
5907105233.850117
1681075948.4878337
1636321469.5683353
831762049.0238323
561788174.7592072
429830495.5949771
678653531.3796545
550081764.1718009
2334867198.828007
472839063.5373719
8553174124.923832
2194324371.092039
622991896.7107357
739325609.9459627
1106050186.4200056
5673337569.595746
792549073.3591526
833027029.1199775
2044900133.516517
925637635.6910056
1522968800.2302203
5407579552.540827
676252929.8509909
1244117578.2558203
2031345689.1287477
3013219074.6775327
1535641588.7752042
3429142130.308255
267900223.48056552
572471393.3007152
1274160112.32258
430555047.28812236
316615185.77874875
239977679.5541451
4481195984.633901
133624259.39013281
5028098852.689575
489240054.44770193
4604484368.48105
287189313.1486227
538755571.0836294
5555603360.93371
206204524073.4083
273288678.7080915
4619571581.102713
4661963602.177926
1061425574.0912175
558893524.123548
1423903325.966628
1178859085.4800534
1042588851.8841081
1209219279.2606015
475209598.8402174
9076514076.077782
317970120.6315772
507719046.393081
2154678505.5373783
1957576421.5052843
863759464.1965765
587575212.5987133
3821986145.4791656
1318132973.9327884
337671877.38146424
4434328566.050295
1574910917.533963
401460820.9004311
2456595433.7939825
2013846130.331125
494894002.84449
5418889441.781556
4893168689.901887
689149446.5881109
857974655.449899
4943858925.115438
4284727031.0826793
6339433097.582237
1258904592.066353
1104924312.596972
1133539443.68702
418309303.1718792
243758115.99107802
844163489.8269501
411078683.66955334
376365557.9297752
693757066.4798682
3047887370.994818
552624539.1538322
3691563726.629293
637012944.3895708
379313050.05918616
6352375957.437685
538140312.8759791
30023430630.630398
437216618.79950273
332323785.3243584
1056239337.8058587
649962381.5264093
4501221781.482583
812211032.2312735
793905944.3309389
502542008.16073734
718690968.0662938
559486334.7684251
6661227550.808722
60239297898.354004
1354664108.4180923
677866795.405742
1940425477.4831276
357961136.9604921
311678405.903651
1213150812.5619266
95327556654.10612
623868714.5729169
7853942270.894544
1148502304.6371648
2618948214.6406198
228675068.8457738
1079080460.8408334
477210265.08650494
298952104.06436163
3545305252.020826
509960140.63063896
887217063.8687857
3454605836.077827
439890733.35932803
23244963966.767673
417918738.7843204
440214270.8573499
2440515997.7799706
2540508524.6622562
1284272460.3598275
584445069.620271
438500231.9687018
662113536.7018019
2164393889.1522837
248849228.4913089
330787456.4392182
250361058.3332875
10776723910.12121
2384176916.6042895
5162076615.769566
11751945996.898613
3922616208.073567
1517774865.50106
171426354.69565186
957046254.2394457
773417532.5605991
638468013.0444224
351188107.2241679
904608017.380851
1280062173.0329304
2336728888.171663
4237300784.67984
9102047433.16127
1259909579.2359767
4724584383.681453
2123546949.8180523
659065762.6293752
414270737.35745066
1022503086.3124127
2848096877.7838316
462914194.45316315
1424768678.7626922
44925706313.541084
3574521906.466705
394578594.5231094
2481332210.562096
349409944.66701853
4657683403.809215
1831921844.459869
4232737537.100303
2303601307.088912
2129715426.0878158
961254146.5985441
579039146.2275783
15508310177.405422
656065820.2518202
4047467086.5037355
893993847.2204555
3879231431.916709
953155325.0557436
1200772843.65897
735491397.903394
321946613.8407889
1038622126.2545079
2895522331.4013844
893955222.9581003
4561371738.43068
1922355432.622256
1187962662.042354
3308391158.3116345
664856393.3625009
4223177744.3605356
375805549.77573943
1157760440.3312166
3260494842.9683523
9016293545.42934
3019891095.3236456
2412292172.178189
557249078.09027
336084317.429626
533989123.2285506
31305510530.670506
888978075.0990402
433175474.47383016
3313352029.982801
1186419671.2355316
2461584074.6524153
1736761816.5405884
516308335.86273587
2221976408.4067383
1258184951.6934454
1067072192.8134465
378741851.20106167
4904043566.418659
2676589552.6090226
1988813966.909602
7735622317.937809
757824057.887102
1790161597.3100638
398685382.76905
779590520.7808537
940134214.2878305
2600864158.1748953
1549577876.8513145
387229994.0740699
1405360873.7154489
1472067504.2904143
2042079751.4572377
602074499.2952724
1388696134.56025
527926965.4666767
152331078.86306137
13107240970.673096
1433389667.9543345
1570339213.3642285
256543159.10773295
2341435570.460347
516085370.1894665
520614053.5523706
1726317038.4808698
199072534.9817696
16016039460.93111
3400660181.7542243
528614248.8726367
5581650190.206019
12610807076.451921
2050749143.3391743
373165973.83625007
880897525.5531001
16187728471.04507
3987204421.42258
419176514.44532657
1993593537.8588881
44415806135.721
1038019795.6158983
359394571.79615223
636454193.240228
2341497080.1016173
344574246.43246025
3698763738.764534
455892580.8604797
1782702211.4876585
849783243.2966609
1587126513.2922137
1251545279.8607023
4986994336.557142
1007077851.8581355
845234073.4648128
6512603380.795925
1543296758.0758448
3521237115.0907273
1575077703.127089
18719522358.00357
6253768397.00163
418542627.42815447
431858032.1247244
2202373943.915607
3430054025.6198163
7827865054.425521
1178840620.1920652
310548479.1126635
1470454309.7753434
979328387.5551137
168598022.0876426
1061210157.2527957
262757096.3832661
488557208.4203429
8568705644.584613
420337754.4411282
569862417.6690074
388628056.4234093
12992183681.10273
821618402.5291982
127428212.39923301
1136769649.9682438
991119711.8577435
25963122672.18155
954188682.1998956
20940509378.213448
1789364253.8224638
28340756239.687042
503621916.8553013
1167006184.3697274
4187086061.107066
1209455432.4710681
1807423886.4717479
2117746019.2168083
2415172040.71899
452902517.2805756
1425171968.092855
277273204.7999773
670565917.1652402
992755042.6495255
2589828159.7935996
621519458.610657
599576197.7608305
867897382.535694
578196283.3794858
705505386.965206
10810934467.427177
1775877826.8129222
18101241903.388958
2990707516.94601
18742775861.21584
106039810.60418618
2250547506.991498
1937399861.594256
314735846.8885527
4820121358.603918
349293885.2781198
5608585083.763765
697895115.9142429
953272054.1444532
552645381.6934296
2713865478.1549187
2528525137.853217
1222122152.6148512
1025441274.1745447
619344716.5992239
394829370.27854735
366767331.9636318
3022501287.414052
1551344969.3231754
236069976.17529097
938425583.88079
408322806.68044543
1126551530.9579577
1814185050.690789
1255761537.1522877
502282006.97784936
1226837496.299576
212341383.75941783
1599837752.7927654
17040615555.837265
17891512639.144592
880112363.2345194
1322200270.0731156
6557426393.417389
353111519.76485103
472100902.82343626
1002746328.1312972
527380378.0025585
379312075.7795579
811269334.0820553
692599660.6510922
10642403520.890232
492354771.80671644
1248144720.9277782
479784832.83526903
4842329012.555975
588061425.7765783
6198758419.258893
512497964.8261677
6942081807.979222
2035391029.370164
664374490.9555241
615234450.6222467
4978898566.414762
492573674.5453552
528532643.1721432
746978182.8450727
241183550.09632805
848375082.8264092
2245778408.163819
2301283593.914809
2113940572.738329
307239115.79854023
5358585772.769677
1154358856.6616702
539327055.56273
647316827.1754677
494579281.40810287
455848701.67633903
296009710.521627
2313003920.7292013
313527509.51139313
8381778987.615085
453895917.42817456
290927312.8526999
4344197930.958461
3404590661.9234014
3192054172.8375916
1499725161.8320847
375483540.5304917
690510508.8377221
369616722.6661489
3994417305.0068665
414019099.4759239
894958763.3997558
3325080632.203831
947545930.7092552
543274163.0582205
835244682.0518353
1679645203.737051
1850648545.1491766
534125248.95857143
13453157999.559643
1181134168.3865082
3637720646.40987
492611097.82234055
1289156488.712557
453320035.5763656
1785129458.2148595
1208695697.6864977
4644486420.447955
1357569871.3900673
9030844863.240171
614484293.9271972
2514662781.5370336
2384525061.115568
5193655410.958066
405385556.4489628
3208659164.3206825
48204897767.608665
2810255942.6961274
771250020.8822522
483730494.3596512
725803552.744859
307874101.1071739
951346384.1708
2096435210.781403
11333975547.494726
2698109607.03541
688205648.7857012
590185186.9111482
12819031284.02321
1618156110.5502937
170576320.5794794
5816604453.63883
883604438.5936308
3133072409.0261693
564122479.3110613
3960704584.7205396
3847373841.29002
2938506383.6672473
517097354.48981225
2151153464.6756063
8642716207.368156
1755156711.5723193
528509938.0914471
1268155933.7096076
269216438.56418693
197234226.47980675
324452420.52673435
5487596729.05175
5256357952.817918
374883142.3085895
40015173645.53838
331972341.1149962
14386939090.343002
707161287.1323686
500720728.6504034
3255709973.5209103
1103994768.5150971
367251221.26653665
261578037.29745373
465941525.50251764
2162933797.4934793
1386275181.8130827
1456689523.6807032
7386599504.216083
1782962659.358846
9735806267.387106
3719414721.6309166
614669821.5763812
1057626542.0777904
588132975.4127997
259383986.65993112
311089478.89391524
3003024061.0827703
19272590519.8876
544243476.7387881
503246332.4670761
345920605.1983054
3949147649.5800986
5167273893.038897
1090038407.8580334
3320447804.048334
1966812549.2475142
902181265.2615596
3092032657.607819
1617752240.0239124
426391952.150636
743972304.5588324
945531977.2890874
831143390.7567562
13329826366.033455
1501538085.8215456
1156736461.2843146
269287763.74095744
320991983.79886717
759955635.462876
550075413.5541378
5693380148.258802
319100296.2512218
4815616584.087353
2068779534.5830503
368690675.63437736
252511844.2549501
1003071600.1300558
2073133001.4789534
956689731.910741
662748799.4687135
11657286935.929304
2147422401.3010452
1685631992.8133667
391629099.1229755
424122678.6789655
2744883683.472226
454093417.38888884
2850178806.660048
2902022335.834099
796204848.5245996
527699821.9619153
8632403542.045212
4831940629.66056
4949339138.525298
545221577.469349
3489954183.6605396
1111145296.1314719
711240500.9635522
1022747402.1299163
3861709372.5667577
709929129.3848795
912149992.2784278
7642697162.737369
506612706.8438593
2505254002.4263587
459207209.59875906
2799908194.672836
221609250.21742374
417491386.12372625
584541749.8283646
2924559945.887517
1553405379.2329826
992189286.1737579
4046670931.3897147
4524765915.962979
389658920.2043641
13375711917.089476
24443902006.135334
628278911.8770231
2446494934.9469385
1617145381.7492642
461769322.21587443
1977554278.7930088
184805197.91799554
191893053.69944003
2013375948.4127545
10761163089.988117
3051984395.5657787
22552063049.692856
263796787.38935626
610598904.2855036
1402530796.3401995
1268462609.1116729
2595749979.658038
374326099.69569683
3711282183.739925
637204372.241299
1426839784.771947
4201949690.8798995
422407643.6621873
1991956589.378794
1223258862.158798
1205033198.8550484
3618263698.4975677
8135148231.230954
4228913965.36554
244728255.4424051
34037707967.47821
282301976.57463104
43222722620.693054
648533616.2659109
561530587.0082635
363020287.94073427
1637425768.8867755
4513799102.7640295
688082786.6917663
966871157.8460418
1374081750.377441
556138975.3486627
51956989990.45511
1679122210.8763099
1557902516.1386647
15408044240.45965
1931901683.1222215
4364580436.716304
3380491274.1225314
431414319.51638347
391772320.326103
438454552.68892455
1482955212.5888987
203160688.33706513
450868342.13564634
2690975168.6431994
345314908.84361327
2713540446.324128
1635609420.7964146
689132222.6149343
261338525.8919834
667327467.4358479
351724404.38940716
661172126.6020546
4162822191.6355186
542490083.1595181
635109655.357442
2633130578.399447
47603766360.00358
158018367.20602405
9088244542.203793
857111123.6448593
1675865485.1797314
4509621931.328718
12869095480.995066
386466821.388644
633217770.6738989
847531498.9108198
1752040938.695442
1114001929.3748105
957193169.6057317
2045257428.9988742
571757567.475541
339918004.82173276
1133766419.9660723
454893110.6044084
571558573.8093885
1098180730.2970538
15536287727.743267
6167564747.449698
7669324848.9672575
914942733.7018415
828172097.3296281
295319105.24508464
553249394.76861
167969105.0765358
637866958.4823327
13402858155.49413
700357455.0327059
3346556285.719578
5173772935.612301
2815274321.647561
641676291.5956529
907980434.4946319
11395988249.979275
1406887494.5421607
2505122380.2140417
334637096.69129455
1114343284.0481234
1815121208.3220994
933203600.2089101
398163000.3042131
338705694.7034747
473084473.76091677
288797889.8393634
687750145.4383438
346180748.14213413
5858951832.236862
9397947857.269691
17006800757.22804
823640923.8264126
12440774829.474144
1217265154.8959258
749534024.3098849
2109203131.4063306
73130070506.51503
740832589.0684243
831950573.2455921
3255852135.0868564
3130446095.8981805
663173062.7728311
12471052836.946005
3254221274.2569513
3680499837.322887
1508820583.2732172
559155721.7204288
347272580.3365803
1069617324.3297129
1160600567.4539003
324086718353.7326
1142716096.8204038
5520968083.914245
2369040665.400293
4054174878.6979914
3239221138.8828773
5801698947.1449795
568893800.0183915
385864087.38719547
560998247.7395412
613153506.8676269
638908985.7179146
1294026814.0865428
921391958.9416261
3554013732.6137977
598593862.4567474
765459851.5111449
1002392823.7066883
932936884.085835
937912579.3483015
1141042368.7170098
2453774218.065626
982294761.3338321
3721160745.2455583
10003068237.680735
1341850307.9989603
814872380.6388899
63655594401.20188
2690043622.472905
748234910.0516394
313125261.40391815
848421756.5626705
7796143519.052076
809429938.2241651
1571221127.5308473
1971341805.7897336
361284758.2551318
971332835.4598655
5558083892.937042
28799662306.126297
11373928417.652258
345817082.93822026
3525100065.6125436
340601175.6394766
310214452.0684071
592777994.3858439
7170949836.646781
513221616.99670243
934956079.7567707
3973081049.9119854
1005521628.635728
399978196.04737586
447592494.4073038
379326340.9094821
1133318267.9860437
553143000.8382525
516929174.54717296
3657642526.8311014
2171114575.073734
1583429529.146912
299689514.5615468
1396194378.296597
22586466198.69354
951324571.6391486
1136617645.0443125
842203471.7670197
766800225.0033646
941664088.1929204
614665589.1319679
933658345.7372684
500356035.2270725
609556329.6326436
4721993186.227337
1664132289.8873465
617621090.1072094
1255492160.8551788
1845285252.326218
908930499.7252051
680062311.8336369
997473883.6519092
1308940281.681213
916104601.2845623
556190514.160457
904926160.1171654
3845409153.987115
485068079.92756885
451545932.7341482
1915333923.9545655
679467513.8373495
1625311778.6009338
1610050405.4774625
383733395.3030336
398668981.9965733
419337393.0634829
7735586097.883927
965106978.5730239
1153267850.612337
18297704345.417526
55841109864.987595
2487291029.603707
1587224802.8734639
6071750313.0584955
727673476.2731675
2817526629.112463
4289423396.3022814
200232798.44556466
1478779132.7614207
303033782.9874708
10222223590.325962
1465671937.444121
4241785185.977872
381695955.4329591
1447145040.4198701
413659889.2883421
3313115709.269031
28898417852.50197
506699717.1268879
818397033.639715
5684527416.920247
4210073391.547006
1903278756.9004252
3663847851.539655
2516509095.521911
17988714308.457188
579540225.1543723
1130875942.2424326
375092195.0132941
448381933.3816455
634310945.8984776
1168537020.3429227
341126323.18156487
1197011001.5682254
2152261134.3442073
338387396.8346745
997633776.144948
9470634132.091396
1801619807.8303015
538815842.9856939
740015518.495796
854654065.1216334
430678396.8488196
586198800.0873972
1146245835.8179176
474725751.96492535
831217958.1139587
355970318.9174225
2249993095.517265
1504651517.9721804
990838110.1699814
1534160384.86777
1466638962.6802633
2948413517.7594705
239605221.4094533
2964520330.40952
1708601997.3964758
626087358.3322408
16191308511.331167
2148699711.2156153
34410577795.50198
2987636307.046634
4402209926.783068
1137496042.9385743
4147654650.420385
715587218.6513884
911476115.7523175
219843627.64959887
1655675327.3397706
5274751912.408321
1689044495.9387906
7157325094.562673
757134860.2734143
1939302704.8451345
397175979.469435
254405784.92781413
323266095.4665195
4682793418.4656315
268389601.0205387
920068823.8815913
649932502.6269897
23441950138.01224
6006369397.722911
411561445.58924454
456599129.8830534
3015868541.912905
307135544.700551
2854438795.6538367
14605874175.941406
21148572289.914234
732567990.6370367
541040582.6533774
438484482.81635374
9734198989.191452
3559136621.9454246
832094347.0563583
2245354799.946305
835768870.8216709
1637987411.5700934
483799178.68809056
1656084053.068369
493495962.1588439
627030140.7725892
330633839.75349516
2445694292.264306
391945609.8824807
418549883.8211123
4044329318.4166055
12091072771.98871
3483647404.7842913
1758387721.4285727
5695763829.661654
1253715930.8392189
1808827462.9506357
228293649.097904
487252638.944783
13914861999.890934
658824769.6870571
1425854792.8251941
206714386.01463658
242731782.08177325
309296454.64929163
1790325943.8633566
824115894.9093225
4843361495.6144905
430604893.25732404
7315087425.578872
230764669.65788305
398888288.12062854
630012452.4814407
2254930920.324073
10639996693.100328
610993462.9775517
5471516801.494172
380415901.5065724
556900967.0778904
1244308588.7448826
2481088675.599234
583724524.801622
655697247.2457877
523105393.4521649
15558866022.268614
6993717578.458126
1083844139.9967318
2010207246.1350026
307069183.9498228
543606691.0672503
312525888.56196517
2060445022.2858918
1161073134.9059722
151170652.401887
583113012.4037491
291919703.3475152
1201215103.0741103
667218395.4979984
2092025949.5800438
1948469993.0655437
1342736046.412289
11288223812.616201
2220763959.033995
245328749.30510834
263464605.8763683
2790407907.3422213
324786758.2839098
6089580080.095446
738302737.9415481
514316238.98331666
414079725.18960154
1299481919.6451225
397982781.5010593
2763696982.3027897
1154964354.9363375
1893682369.987853
1386676830.563528
246506257.54375055
1173843700.425478
2328692631.941635
511696653.16853213
542970653.1574942
3661489480.425391
1995434198.8666975
9072006583.194456
2438596210.1255307
216909653.12449104
1168121587.2933345
1290650560.548369
6213885745.681394
461471319.2596402
741109872.813051
1888910053.2670968
373814284.73715407
4961745876.017146
354975989.3902691
1551409916.1078577
306390887.52855253
582082648.5348041
649247728.855132
376885007.5257803
2745663781.672053
217665349.2634477
986450126.4800875
1768521729.569896
526275239.6522026
708910768.4501677
2379503225.7277827
1932604762.8414485
1170984861.3583343
3471567047.314878
3377376588.237739
486770800.82349265
465453637.12082595
847055383.5927755
702999291.3571165
762305775.9939352
721438087.8056632
570561571.4827718
1256321041.8618205
1324562416.766589
76367825215.54736
627635525.4696096
790218932.9333688
1032097931.5204456
470320732.5072266
843760494.4413265
1351342875.9783049
615197324.9763527
447299907.631304
2272539927.72376
7749743253.2653885
730374985.3803667
666337242.326704
1167932631.9670184
624131735.6504631
828721933.3504797
3406536451.508018
4965790888.253986
1907095667.523864
6502889725.909327
18147560895.25371
390874914.838789
357327383.0148764
10702295482.683195
530680620.0801527
6373453960.193359
5983193192.711277
498613981.0446348
3261890583.920989
2187990361.2358437
974824465.7526888
10983196544.40307
11925117982.369997
319649006.7651861
1638922724.485012
1492070203.7024379
896262439.5506005
390793155.5941458
1150848480.566101
1926332146.6510775
885500177.430625
5277654594.859469
1253931381.6648645
396890471.61655354
181192200.65582454
797562753.6882925
430421787.0379291
354407350.3792943
1450172125.032102
580450254.5572872
1450700523.9684203
7361958379.596676
282616005.3085908
3313759039.6135125
1192843634.8875668
1763663479.0958378
2515129235.03102
800767819.6339465
511889567.91047627
5577315836.352276
317043582.75071293
3536137993.159178
514054920.5566336
1943078165.2653322
488591795.588882
940787445.9160919
1711642293.6906846
4565534944.949285
1696653158.5517383
1528153412.9246173
3803189942.012304
1580438289.38686
30359753695.795456
313536733.857543
759000231.0635903
397398661.72445077
1606321879.097421
1508957641.9566338
18240980460.501793
1010499529.9104214
677768688.2871836
23310079811.04649
1440796716.526003
1118777055.622902
686447515.5568985
3642806330.434807
321431464.86833483
714993779.6215224
787548148.7101678
101821697930.76944
897130511.1148466
1180672702.0040357
4591963756.965097
1305297196.458808
18144342492.46566
597883675.6951106
3717097802.9533315
457559552.8430983
556108612.2230858
752949567.1380491
778151125.8927841
4841813616.969311
1121444924.6039014
983406619.7720742
5060394396.480952
512494886.2447372
11570653119.251543
771861537.8238533
506814335.02391773
5567035120.085743
3400985037.921295
386174681.8429145
744397993.0565712
622503159.8975481
5266013761.89153
1230438112.3556263
1082506404.0778546
5005355019.76462
1833127658.8131297
504614600.9428907
575552249.9394182
334863290.0112011
287873866.35221434
13349067598.732086
412949108.46580887
675767173.1373129
1032919488.7205255
356006049.3508523
1897646816.7287986
547376309.7141538
794001261.5935147
2860841103.419073
976200874.7998298
230907613.32388365
14732558566.628807
536923421.8030124
7319252642.901761
882902558.2084805
1488010918.1797385
1239566567.3119957
205914430.9831997
980016209.9609911
399024934.2967157
870118992.672325
5766855862.587451
260915296.28586364
15309315121.6717
8690677071.371008
2855656735.9843435
4406860368.401936
2187670726.6959543
3360098948.666818
934870306.0490649
1223620821.8773894
999778025.468593
27091781897.759872
2603222191.1231933
676751540.1097337
1312834899.9634137
1066416796.6696105
3647571875.784456
354398837.9564314
3301974862.879345
1333011300.4103246
624932943.4420766
364699064.86717093
2200600552.0443673
570001852.5988284
1776881833.8222857
117221213771.93776
2598476685.91377
325061193.70785314
3398888086.995848
635951923.2732905
1105460057.7617416
2847226150.389125
16462673558.406998
3161751455.086121
318357144.13077366
73378472017.2508
275005120.94821876
565394070.4766303
30072214541.111362
964964981.2552727
525524302.090882
580943878.3010217
441564204.1383758
1801493823.54277
1073696011.8782064
2697867189.0525765
331799277.63947487
349327980.6882972
790656409.9118526
776895736.036572
13227409141.619535
2166510087.3076453
1949617282.2134988
385793237.8235728
259357162.80364165
89108042421.56454
2322677870.244554
1865176247.2197013
4623078029.708956
477095351.2119057
347872259.28183234
9598633983.710224
13835507578.986029
985606125.8217
1613353749.1737492
4784033022.303305
1312666677.986708
1561538593.613007
16747709931.65547
1017035743.1532489
1106489629.3457336
2507594011.7557335
1065111490.5295773
5190172169.229815
3217946487.8974137
379925974.40654534
533088328.6360325
460510682.67174596
291185197.2463316
555417902.6723951
2521070553.199515
345273420.4618685
141112989574.15982
21166722782.71456
958115579.087404
1699269901.796262
5746000114.533681
2145632821.884471
2232964092.508516
3154935223.221926
2569824455.6280003
472257618.4181634
1919185313.8421419
5040758023.287049
4456016582.136732
410068726.8696647
288395892.0333155
2220994086.673727
1141405322.6119611
882863132.9943223
1023178607.7403772
3851081298.135436
1947569663.0151098
990923924.472101
253870558.52597892
263491726.7857263
10190500259.736658
11471291029.732723
156500123.66159776
4743698585.464519
1558168374.5159314
185062459.12433273
749708959.1400808
259401147.86170006
967012891.1738356
1285349761.5617597
2407098811.0540004
2172966864.7060213
35318058633.955315
502091155.8891548
9838092701.680172
392644213.9531481
10457908897.29136
463081873.5116395
676365095.7146457
3437099823.6903253
1703282274.697298
418092427.20993644
2414640612.850377
1742964181.7664425
561426497.4974022
1002903583.2030365
29838485268.360474
4188055566.19053
828781339.677659
597227049.7378304
358838946.4995444
369081458.2195656
298024591.8770668
738853593.9991623
539423836.4876257
648628634.4094186
897498691.8726023
410458702.0605745
2552353523.355261
472007580.00556725
1312864717.3901045
1180430990.6888263
1675037024.2599528
9992534304.994934
11814327125.550941
443242555.4421462
241049025.12846053
1170914728.5021958
1223146843.974026
3278565847.8674264
2301798683.0481176
10633808521.309387
1937333604.4211621
541434678.5459217
894467611.8909663
225089526.5571464
625461384.268873
1175826678.6018682
8393332084.402214
554083072.4406176
3714149474.2132893
446186175.66530263
13817311802.078157
1296369706.1844952
1648393607.0382478
462870982.2972236
4266276068.67712
3098860050.1192803
2527932575.1642375
2110977452.1625953
3845715883.8712435
1652916945.3163621
460926940.62314343
718533915.1262766
609779499.9931519
7824004262.633193
4796937896.1229
649119563.382043
5190437285.772576
342789006.81393814
2887922222.42437
1305098829.3982983
1500683396.8966854
2318321325.5233765
1181994529.5864372
4312691526.838183
554703353.6938533
1999542168.5925648
718487835.066875
1105947951.599074
673616745.5035484
283139593.29636973
730904483.9162368
774775432.4149774
483962587.57352626
302679284.27758354
2483282506.1088767
336653849.21064645
478747010.5491929
2081287359.8601663
1124123849.2088556
1276257120.49915
1284523334.4315572
359038178.1403862
394905741.6092157
288229901.09193224
628363923.0924724
1592314946.6866248
1780292207.2406363
3654841212.5645256
18488439003.639786
452344326.7717776
663192434.8857131
252032741.87740916
1469239100.272726
2810209660.191486
44489660074.93548
485466349.8045937
595692143.7000492
1420174513.0531697
3584530965.4047217
9418735623.643744
369866033.5329815
954655024.9128648
4194010727.8066278
3743427556.2334056
888554301.7761823
8336833101.482328
1557490069.9750085
1136248714.2975335
15521711606.260801
1254086019.0649614
2548334544.9971833
666170340.4016811
1552932721.1861007
247682565.43840334
1016208002.3535854
5519824882.156265
2693857855.650048
311086003.8735814
1901857299.3584175
181650115.26042533
354841416.7565959
2101319897.660542
406921117.80491716
1116453080.3492737
859497823.6525228
1334174569.35763
14375988715.57445
2284064833.8696117
490217893.71412903
973660055.5182425
2825201775.0741725
801631948.8076036
2211541975.859783
981691411.7776729
2422800389.5854316
683811962.4289186
1290036678.25287
2027852599.3040295
546819152.7770654
282274539.9877588
502574808.84240323
214869215.60627738
955306018.9011908
2508285914.727006
386740524.48248523
20795827034.968456
3163829437.8328505
3267087119.7348466
417556713.7628654
293291557.4287325
361784062.13708174
2216218644.2987995
382521621.4366343
1098812056.2071655
1167659840.6459746
3878001781.981678
600076979.877762
709866806.488722
12619560733.87483
362538831.28568995
340362530.415024
2767533502.0657496
5177174450.197739
25068020551.1336
216159935483.27966
726867468.7680671
9484810673.086731
17412888009.56003
750291599.9675641
1912862712.7709732
462579701.27436316
1447951150.8748908
2872023734.2482605
963578946.5134271
10481292349.14578
536676627.6223786
14546562456.462902
1535930556.4767647
2011622215.9707186
499851906.5029712
448045601.95639336
4200127963.4517393
499770838.9454681
196031183.1420903
9580051693.452333
11015866455.545881
1407820678.2981346
666415054.0659398
5724662647.720803
1983751859.057095
343042953.74103975
609317368.5403734
348412619.95280665
5868963056.708999
1623970113.1458964
552195940.3374169
1015990341.8436285
588737078.0412955
2847253422.14203
5630090749.720283
3281512189.6392603
4432941444.177206
552968461.8033293
1511885414.5741973
287820112.9391525
5185254578.146682
743346600.1965227
604707621.1011677
4119066697.511935
1421804196.8846035
5402345217.650965
1128181439.5318983
1349929083.89856
4634988606.811909
19995031440.10919
1344870007.782813
176304573.48253173
1570806315.0925522
41973060365.57193
2827234231.8773146
5191943535.727155
1432233458.7071111
1009642540.8576691
1147495231.38377
15740290105.436659
1385957689.4596276
2688588484.0123916
1137667772.8066225
1609879003.5151453
583517355.1457833
882076899.0514348
51935826168.966965
12221085753.899933
822641015.6219326
587779844.8408818
3300863676.5945272
87906250258.10912
412582516.39946264
720737984.6390227
1725535145.645272
8649057213.047163
1161064467.4569836
259575021.03344396
1558186685.0803406
513312488.52737105
2381806635.028977
2343918500.5081835
5330262298.475142
7141876214.557579
1273103919.82242
535429872.8761967
595534305.4916706
315380513.5574553
325395961.7346102
4916782200.028811
553771136.7611448
4153155379.2250757
881130328.4593046
363818637.438554
989590653.0520414
175509068.96118397
1471139469.6113336
718937004.6954361
227821442.97467968
5252883404.761661
9802755602.093218
709332098.0218128
2029048966.0356083
366391756.26076794
5732470290.39559
1283068116.7991405
4371674234.485549
2825343681.4557266
2344997710.847117
1041510746.572391
6583541758.068909
320374735.87934405
177663635.70723313
1216693214.4883077
289477808.2619509
344328221.356053
2155479907.4958577
4451598651.859679
902730693.8313243
692557994.7166365
2923361321.2679324
435644964.24851227
2059734374.8732364
1155484639.7486188
2342372279.9349236
596348105.7089615
659767979.427569
4188944490.2384477
7787576432.845381
1117668386.229288
131183430.47941317
974798235.9631974
299403071.724525
3603021438.5789733
993015240.2818907
699111919.9322952
6474110019.807086
1397073196.6688263
699438713.514482
1780815407.4504428
11223752610.539003
715195038.170454
361095097.6828226
842541361.1964594
37916285339.257515
405074800.50314575
579444208.5540762
950262397.9312431
13177144303.262047
5453163778.513401
741064599.3563834
1170885188.911881
26761094041.458946
696668746.3672205
725641458.4196527
18223779530.057693
1213552791.260496
5216153039.51178
507874633.0950485
417040905.1907489
1253160946.2468333
912533746.7926031
817364631.7642472
334642033.9010769
13381594325.228506
5549717659.4686365
710206262.3042346
297693155.8242514
889075935.2151914
461745645.43129826
4357530462.998968
4306157927.106574
431040293.1136561
660006033.2231023
446270060.0078983
1109562524.5448666
343973333.73998207
1697251777.135488
206866774.45120993
846714361.4801563
139686299304.78833
938257286.0376685
316422722.0382922
112617610.7792543
1120785678.7077737
308794299.52449614
9633076873.337254
74567097171.26022
1114537095.7290952
3884389241.9229455
4886464903.886564
7479837029.701159
377289076.14385504
1759009617.8755016
2297000355.345399
546691096.4418709
529703725.4743779
601538611.1028054
913988717.3045164
825269533.4694806
5253338097.655106
70267245028.51064
342841770.29807156
828192381.6226114
630759491.6390692
290758264962.52625
323939736.3394656
25367920246.802124
458264191.6912526
15423417403.654263
396120984.2686375
220577442.09923992
987698604.3908705
563734550.3602219
591889987.7811824
1476703943.261668
2973332982.206938
2381793726.042838
5067544974.3228855
729680553.8518499
863944867.6789043
493808139.77225655
1780654415.1693811
933061578.3628922
5844976992.064645
1139228293.0493464
676376742.821844
4149938621.329599
2800392794.5118957
232793946.04383904
541229807.9500358
7257888184.430283
7207544909.720586
677084691.0128175
7338526565.543053
1178210348.6649227
1090142950.9461465
1191351909.8207607
924791958.4848814
927070231.6842966
601072703.5274701
1071433205.4303107
5948132532.518994
4490541373.232329
1490691941.1822693
2322041884.664028
1506115260.3783581
5458045206.03646
4556457362.66313
758015743.8086692
1388393650.9022045
384987569.83154756
2912009517.6064024
1337834049.2624736
563754217.6353036
614629678.1174892
21356754850.51866
741089891.5158298
3788471611.501135
2847264987.3345475
207036818.760678
835438282.9337691
363504634.0931089
9390607454.925941
1802634166.380909
476821088.35327464
1291467020.9928758
440921057.8173415
2235802634.5251184
14019484309.64905
761900235.884717
8345069611.401504
3344004287.906941
1333953948.3384035
508406762.93964773
3554184474.0619555
28615400393.261032
7916058521.888896
1235434473.591726
489772302.4222461
933956342.7011628
887360663.6491042
4363295925.531384
509356569.250498
1242590482.8279326
1290895974.3337383
9917638602.140003
301247650.04911596
