fX
137.6723182221162
134.56043687903957
154.00880561069152
128.16348536225888
137.68733597795028
157.1805805010925
149.78701040128124
145.06545076066237
156.16039830908073
152.60804867252344
134.119255765634
169.6439250520847
137.14369027865988
145.20591785154005
126.29767129548394
173.8683557235983
142.87327346471636
157.82763456793782
167.16224942159178
175.1870306846269
145.04639649688107
151.22644356179478
167.81365386153047
170.91561580725613
156.22863446022177
136.13089803650288
136.9351029735713
144.69474278279375
152.68491473355718
157.86196699865187
167.0949606090548
150.94783480351958
143.52713485754907
155.68071963965394
146.97656505869418
153.51751224656374
134.52611644305273
158.90712967580612
162.10113853863473
150.01719645007398
139.65607278052337
138.52601868728135
147.764761797066
155.9648090567368
142.76765958215935
168.73272209043643
180.88012387884456
134.49512162356962
148.38031923135463
155.70712288284386
137.5435721501927
170.29341494833545
160.72243284505583
164.70714167370755
139.7975227189651
167.26076827652713
144.83651694062553
139.25103062350067
172.02556898614074
162.58828904523583
169.72741020107708
150.7405570774954
144.14415639101395
150.49822248451244
145.6385283213928
164.99502302095743
144.83262475322186
152.19422305211648
141.68258452524765
135.4792233156819
133.40743942361524
131.13428095139162
175.69752871011735
149.52009052767818
139.91193020837903
157.34010882023816
146.00802429209438
173.04203504674314
138.8128380619775
148.1178345657973
164.36976474912552
147.84621197978137
158.0903349220743
137.67585908303556
140.75668915940923
158.77257883988435
147.47248366375914
161.8139389240004
160.07909092473625
153.6151489602654
168.21974599447623
145.99586457175332
143.71974428540707
147.46182502521745
154.5573940848231
151.5934074200269
153.91787138953515
143.4948479034281
141.36708333553452
161.5544053028232
160.15668342510108
135.9250204881216
158.69900903049225
149.68925135314123
139.8305609447348
153.0042332295127
159.54021874153273
143.69302179152214
155.32959725700871
138.81866745741084
144.3969473647749
172.3765873135452
175.67118416670453
118.25488225030453
147.63404181356552
153.3497088769912
163.47766137139072
136.4490066492204
152.52540931350643
172.72321962914972
139.24978302391713
140.57138763527428
171.02785968743584
150.7485070882604
142.86063960098767
156.37348872400443
137.30630292005367
139.93641658852243
140.15932460758683
152.59694579740847
147.94131470955097
164.29935764994693
159.76160513625325
136.12690782327587
124.35939356784215
143.81041635602736
145.7825621997266
149.39982603382788
155.60313597806226
145.72632368614592
126.55350274265271
141.88515378229513
140.0956348206322
174.217812945861
162.7677784575402
159.09169456751331
161.4652769731076
156.51142508341587
140.92947193878717
175.75922815028315
163.05896366131486
139.70417062612637
181.96956353188097
175.61976585089593
172.1398511794174
168.50872586505741
162.57974720905054
149.21052801525067
141.47649400722946
172.00960415848425
157.89294145440618
133.8414348626953
173.84598585583896
151.30318132479294
166.3786312683796
146.1566394515866
200.86631093917896
155.77698979314025
179.53691049397432
153.98466037463896
147.37743843414205
143.03065599480362
165.40249678756572
171.1593043789703
165.1014354930815
157.50702369477852
148.8837113678515
138.12194752810575
165.75320499651
145.76498120321745
140.9607892761236
140.51563841951346
116.54741249225378
125.58785195961204
149.1272095519652
165.1361913247925
160.8614572244411
148.38879582234495
147.3961177806274
156.34680865294746
172.87077492093874
189.2650200883722
149.55484076570417
166.41126643576285
177.5982210705705
159.9340911294758
141.05576493450184
144.87724731642615
142.5578529975458
145.98013674815252
124.19144774600034
162.5803612208209
163.79970327617107
163.12864939045704
141.77209404804316
156.74392553216475
148.3497035197069
155.56363570550647
152.14859229150915
136.10293093397436
158.213437086883
163.8067780810011
138.38661310385206
154.6712486174138
175.05887134631234
131.18001749917852
171.00930343091792
148.00840423702988
158.04505836532473
140.78174995243893
139.56536440716602
149.93752606916956
151.35624302265
152.9776777564294
149.58536044426918
174.31983800052637
155.76470944599214
164.23070507745655
190.69264289038458
147.52978346810443
163.45853647251033
144.32272679119347
170.1124935097817
175.49973488687226
160.5436687923642
155.1164207304333
144.7463201169747
157.8299259423069
150.8231718527631
157.56245852884322
153.76339921785066
143.88738179341624
137.4528368342476
158.19672925063895
137.18552128994034
158.2596734085294
172.27529780648453
166.5397995749725
166.06146811424526
184.01675289367773
130.55396026383738
154.3151602654129
161.0839659479343
164.63547193728886
160.15845913943787
153.23987381114438
159.3689930005964
162.136496888029
132.64182693213465
157.20163144678247
148.46666435940864
146.99528195782756
160.6087423012639
153.3152997358042
158.72447245944883
158.42954641010314
153.56501039117913
180.74296991668885
150.06886642032342
168.99077967614582
158.59491620011167
140.54570358889794
162.50242105675665
155.45956886944717
160.68706872990234
152.23691500394028
134.74327815389034
165.35709890566463
153.8855746371425
163.85744990534846
148.53360141183
144.80491153676718
165.65994313869106
155.7047355175942
142.04251172805868
133.41364719943675
167.72160745567464
135.38011547384292
130.74963066438983
137.13933628054335
142.81282413274909
172.94196608221844
147.52958102893285
163.303510744334
160.31112938411087
140.45257856279383
143.39680106186057
133.51869014044837
147.22666749856566
157.81607641402906
144.40754732227418
147.61957717726943
142.2566792188931
161.6697400029829
165.85859920543635
154.94921297189256
149.86454485822813
132.76324864258194
147.1769871179422
132.5733561603061
135.83037234892788
161.47322897781387
147.15635725123371
151.37609077775022
163.8121324689714
140.66795526659087
134.87508800332168
128.38579313847615
149.8162664361783
163.31171596229302
132.01943307529802
184.94144650800155
138.5082374066409
173.9065979520671
202.41425867055972
166.12211003948684
143.50959134675986
138.69566264649447
154.75229095106627
179.1447468329282
125.599124642969
137.7228005549246
171.00201249146758
166.13631999897973
151.53632754641356
145.6891864045354
140.81579249885547
144.10191124626743
164.37419359391362
134.61955010214967
142.1648978769614
155.4804568313087
152.23551548593667
169.05310593106373
139.77141171726566
177.50681775331026
145.8936525026736
161.6884363268165
156.9476526772257
170.28190621116514
130.75180089390906
147.71859486791635
151.53858481476033
149.19347871638394
129.8424484408343
157.70180269120752
143.88695348569746
140.97057422135538
168.43798943018538
146.2736894822845
162.4124547235639
146.1560623823593
155.3647735006361
142.90119544462948
165.64096383684296
154.83807372259722
141.61377955356497
160.82260582000978
156.7843839192352
157.98853756710568
162.97219804237196
134.10099795349402
140.1906879731337
164.69842350016225
138.8491804591442
179.03450845632275
140.64976879582477
164.7458078052979
170.44256461979768
135.73146027394844
142.38620470091325
141.55836747799452
156.70957118230822
155.92341669150835
167.01645923702964
164.46689719361123
158.61292773544233
131.7783973985281
142.088267790487
144.00071459613375
147.70879189537288
166.85266116334526
158.93951994150552
151.8334868524542
141.33258389580385
135.98980702054013
129.10326323313421
134.87097089704204
154.26177801336985
155.702110705095
142.46785571466603
151.3581740419355
154.44031047278884
156.41433945026773
128.0636021157406
138.07797705303173
164.79087937729184
149.9014176568005
154.47178432303633
155.48858904175856
145.50252518874103
139.21950965422243
137.94252187187823
136.02042243342535
163.0902427230319
155.59894409946904
166.26481019712764
149.17068924665165
166.62617054953046
161.59766117412002
133.43359288768315
126.36256490089225
174.55623100927036
151.98060127799621
148.50332047450678
158.81278460853505
156.14582430084857
162.95141514035168
169.9442652954471
149.34424131023496
135.70684905660505
148.1560822536382
154.1685337073205
159.04785728921402
133.05536255043364
153.63597650362317
150.85468734805414
160.6701313515479
180.47888436915488
136.5183552438574
150.66926383464727
145.46210191588563
143.89073659735425
155.54807894066263
134.82934899566933
124.14295922804469
149.08189911052125
134.19248037065375
147.07019371005703
150.36748940597175
151.2312784109555
149.89269737985535
156.58316979357
152.72995345727622
146.18818485148287
155.18290416659596
135.59597141149374
146.13974255767172
153.1139555712807
142.7219661246284
160.14817856460883
160.07457882167606
146.0678038221575
182.4354525924267
132.84539496246055
173.7978559763043
160.24544461195472
128.5977294305284
164.26802739419722
141.1770967338846
167.34412113738387
146.90724116745162
136.54304022886882
147.4595955934296
144.0953273274032
154.1171604294775
147.74731346879497
141.26721962615937
161.3636594562175
158.56069893445303
139.57233604199965
140.2162988892212
159.20319302954803
137.33531199680203
147.27469744359246
148.94026333632772
150.25686618667896
147.7807206746497
142.3693790892919
181.098024241174
155.47564088724667
153.87001852523292
138.7418041003878
155.90535625436422
157.25623220161958
140.6467958790947
137.33769632079373
149.49680744734434
146.10113474247237
168.7542898531485
134.7663157108792
157.9776157457965
190.00541668557634
137.17619934114134
159.18823170706366
147.44609005764164
154.3933043019572
152.2129844396428
147.47271028571203
145.19825776689993
153.4264593810909
165.1512229854991
154.30069476711802
141.70130940098346
176.6350276126646
178.09008423861195
149.0160057950262
151.71646728320397
152.46329729615667
164.4959517832676
151.8795667485466
144.62115808939143
142.10819954648042
151.1398980723236
132.02382242028628
128.42953168100541
157.8829188223836
154.96770403939922
148.82687663320635
146.86242271590567
169.5547571179096
157.61327465036084
145.69290110093894
166.09069238482567
137.63684851806647
126.01886337409432
159.6057875970708
146.61110130220868
188.66277230420872
166.92476540935414
172.49153067734775
157.84737604429762
154.29987230268756
149.56035857736765
155.50357607098965
145.2093377572113
123.89290790249842
139.1341612975005
143.02331566930053
152.3932747792342
168.8101459610078
160.47847126716835
169.0365882358962
174.45301549723902
164.07929636415923
146.06280829928855
139.31982902617418
153.3575927917346
158.18193739136427
155.37916621771615
146.1188186599981
168.952303625652
137.60506907124952
164.75353153396316
141.3505137298299
158.5789496704765
143.4692702778389
166.1218151211929
156.9326820467374
127.36951375878704
152.8039895147824
146.0839711939331
177.24324840863875
168.572939373587
160.72407012962958
166.56719284177154
160.75472510034572
182.5153360211117
150.0921879251981
147.830874293626
171.8306308838568
141.7312124296147
139.2049092092339
152.18452420643632
150.61107745471338
149.90330216351484
153.60990326219047
178.31530506992843
148.30933123655115
153.87269897027033
162.91917631014954
148.1468375766198
164.33892810786068
153.24903523898786
142.15293030979217
187.97429184626532
135.20374945695852
142.81715882443854
161.08446818523805
157.77902444814492
140.6273643473732
156.30449180881814
151.34275642040546
166.53791189565308
160.5681033151098
147.2098863121771
136.24358096826722
159.43387670082436
156.92611173366188
150.688737925208
146.59467815533077
142.46443335566715
154.53876063843035
176.0908557035297
165.91161076372347
143.39008019620115
147.5681941971822
143.9609177283628
150.3632902175296
154.39582392593292
133.40080726228325
147.6708740485209
146.84781255538547
159.61789907730738
143.2026109760992
149.70499079908447
138.24225201092906
148.74010459992866
163.1091280857143
146.171252074557
151.33428138769455
144.4884971926064
169.62537856525847
156.47294165082658
173.19848478529306
161.80814027850042
155.2525216168425
129.1742844874874
155.91365598968122
143.8936184053448
143.56661957216076
161.4212913003507
155.12237838560011
135.5209112839032
166.2270627940378
155.83399690294482
173.55268154153774
136.29849117865996
138.44548015554128
152.82879112473518
129.6560618518056
141.19234637660236
148.01260251172545
165.29154639847803
165.424818266201
154.21308404574654
134.7176199947661
146.70857545418386
141.77825915226498
143.07463208980212
153.92578165142294
141.0895187154735
146.75510444791698
146.32786237544752
149.07989588232152
146.9484938529472
146.77175690493004
152.82981744743876
152.9476821563996
151.9771046590114
164.15103696413072
151.01695502950906
136.24748899434957
158.26804567491624
149.1225078056748
150.15355445008274
156.42453449101924
140.53546362025486
170.13960301225944
141.5398379321513
165.3616345072709
142.82074984863561
150.80972076610072
141.36390260055305
152.636970142577
167.12620298564428
152.651279717048
140.0319605449036
175.20364268294526
148.03256609884852
137.57165045950228
150.06598747802434
143.82717678517278
166.6625767689018
153.32604938351187
139.96854046019232
155.27801622304747
149.34308042055343
165.35663982254735
152.8633010897217
200.2400144604866
151.6995876894829
148.9943307857148
186.37094251754968
140.0427816232713
141.8987984958424
160.3363287845766
143.83482771053966
146.92448055772087
148.68521009685674
151.13483356810758
141.00791973460258
171.113576987343
134.3284056710113
118.21206331994335
154.54537839799335
162.18736020767125
151.2243205619538
176.98270142130315
149.6647240867871
153.70182784148275
157.17270524766198
156.0581104348318
170.00838405074188
157.68467536723097
155.28823074091784
169.4669252075127
134.82191372580803
135.11782761638156
168.49969245223969
163.98424226140412
129.6839939945827
154.73785397881687
147.37204955921808
156.23263791465877
157.89678672857798
145.79353729049305
147.24508033024728
158.50590920762352
151.25924638615314
155.17423298935705
150.02768799581813
157.89921644261054
155.48739805244404
145.07784391150213
139.79128667301848
131.76542016301406
155.2424006637475
148.94543777135158
137.5190792113753
173.31565603197313
180.9176279662335
141.1104930978822
157.316382706525
147.41264848488882
145.83287581613703
140.64989076628746
155.91628335355153
145.32372256055504
152.63391287420143
157.2463541944083
148.22480801704688
163.80873003930307
161.74620086362648
149.42015031325565
151.0345690021254
155.1356334354191
151.58727694659387
152.614812470272
176.596615512532
147.4922259832611
149.35253973041125
153.0966986890906
148.31572631176493
163.87318318198243
143.74978121864544
129.28640417698014
134.8903535406697
150.3247750115355
140.9685066599771
159.75451949940188
169.88492603612275
151.0366441736743
127.64830369376844
141.32690119520484
150.64041029629556
130.4215717079759
124.9427871653117
167.39187451853587
140.66132704090228
149.22029471577773
145.1769998351158
135.95385586508937
155.1046136612913
159.77737340931682
139.50162889477392
147.29928447581096
144.3903062176958
136.5928610135133
136.5480008800214
158.90209023619016
166.01571061985416
159.70242140790504
155.92143148846603
174.40536453257488
146.63663412183038
154.24875239203033
151.07443566556088
157.60496827032114
133.77706023268044
165.17396978705344
175.94851514003543
171.86042131122713
160.45966003424806
162.6571836497458
169.2389451496901
139.1096671665577
145.29246425964442
166.55892016850126
147.67290302545678
155.40578438754056
171.34508164563425
145.48097871699235
144.71955771813495
155.98647067026266
138.88304297532716
144.33706385763236
156.25596379050862
162.24678496227932
129.28750857514137
160.50363259234
147.04733566765708
135.22344508294287
133.7507656885223
161.19910746728803
163.14304933592842
144.44392606969967
144.5382744579094
134.00368696464093
143.40404667730223
153.9830889256205
150.91211814049643
167.26717086259998
150.3697945059211
137.967404278539
149.3937926832528
167.43353417925977
178.45812471577077
145.1123960115355
142.76081053609647
144.16905274049307
159.70376083623034
149.06253129361068
150.305315036844
144.83516331125367
162.40700275738456
144.80023791406916
156.64976790577214
139.46091243002996
153.5538224364381
139.54650396783808
138.44219457681032
150.47515017623755
156.51911718838704
165.68988585871236
151.5404598209676
129.50309128034348
182.39230413849796
145.13551070183854
158.8888210552536
155.16848326059454
146.28204288323593
142.6314695010505
145.26024335283324
179.96160626868794
138.23012680363496
126.00982117040046
134.1124807245301
154.3829321615859
154.07867984556097
141.56570550855716
130.33708654546362
158.45406557160055
143.25899215555998
146.13426603336603
166.11615468261306
146.93644602323127
148.1184300309786
132.55415932101906
193.07634745806232
144.4267514815482
155.24495662290542
158.48868146135845
138.0530706258764
164.70654584341034
138.9130508042428
159.58911518719094
152.36498737039753
161.78180148117366
154.38146818993076
162.3433692892837
149.75898812511332
141.55667318011112
151.82672650574455
148.50297689749564
140.1830181976806
161.53147397250115
142.52489612724784
139.64835868019543
142.091138474146
162.31143617235176
132.60426060027132
162.1898239422182
152.19586977534044
156.61436079084643
129.91455916108964
153.13267097514404
150.8424590366261
162.6182090307334
147.26322574686026
129.8699920378872
160.05948075679868
147.78360616097874
156.83237823606962
160.0450772424657
165.99548018616878
151.7960406697257
184.9107479498721
146.43246883281043
151.58331618308975
153.13502379252193
148.84748947603663
146.02294178757398
145.77864841624722
147.92428228475706
150.29966594167686
148.79437704394212
132.2607272541043
157.09443919770558
159.7758494515418
144.7702801669342
173.83104067731855
150.41871064813512
144.08848244580275
167.90139945888723
122.2066780918812
158.20018259044042
161.14472347281577
155.36466574452015
166.06072591389443
129.87299797126218
151.00950276493495
149.45324695336188
152.4384141651085
137.19207605710287
146.20217509994353
161.0440249347203
139.33241782159797
178.5774506103922
163.32930977699266
154.3477127928755
167.58140863600994
164.8966545237772
158.8200523845638
154.47210322667178
133.0171493629795
143.3061923843669
136.77436229731967
140.2417124399355
150.56994789311292
149.576948311849
149.3997267002598
147.94260542121526
154.22594305237192
144.92603852805166
134.20930826638033
158.27222995464342
159.63590804729725
155.50823552085745
176.18432508643264
160.3251501166888
144.06385984703337
172.19307320461292
146.79510229023722
164.44628232897497
159.37770488987263
162.88820501495482
153.7475943201975
188.54742555318745
170.138517599618
160.46397121040434
154.09840751833553
144.11282222003933
169.7286550128852
161.81910156749146
132.44566565053108
168.03361039204918
147.89493819442842
125.29118934075984
149.67968428685657
153.81620072724957
164.77221288689617
136.87039576619634
164.68643454846756
132.54583795063684
143.42771501144404
152.66884083012096
144.56490372443687
159.52872202964585
148.1706970395031
144.58976744414252
173.17816881019513
137.36183984809887
151.34571060586842
163.67742967976545
138.4156952042671
161.41185569575646
159.37654910977884
163.63658899255182
153.12689711610955
158.3720417595319
161.3798115912574
163.500092570257
137.46181557520862
145.33807373709038
131.74676854252618
148.00978578354733
138.34740806729997
160.29230903665638
161.99787322532438
157.46512904067913
144.20800583017285
164.87898494040223
152.1930907949009
173.39014436156012
139.80037840555357
151.1177207844298
154.2165797686276
166.73689091754522
142.55534432302466
147.6554139294422
148.84285177291332
159.2305401088734
188.5407614481267
172.33487165457166
136.321095429709
176.97156239402574
148.41539418058062
155.04415409034618
155.11866519997224
143.5815534620443
162.84346009453145
161.81628126499794
136.09687040949146
146.50933546492442
148.5017148748402
133.1682412619756
169.8463771930033
153.18511445487513
169.74569391231645
166.5884867710977
131.7011733932501
163.75517360434438
155.16114035690237
170.6883792496967
164.21448660361946
139.1386766658914
138.00340987777145
155.35983167309166
139.28110606401933
133.89747947623863
136.474115047885
151.18012671724915
153.3152008103027
144.67087335522524
153.71890629007353
146.21337142674298
163.0155385428884
143.72019624875162
143.96261255972155
130.33213385473118
144.22773411077767
164.27869550373518
134.21391862305094
175.50789356586046
147.29613059935846
151.22135368125475
153.47631434357413
164.04024480682708
172.5316375031088
158.14835484643098
148.1459753638866
144.6395939646804
151.1204949968257
142.42892414912453
160.6482512896726
144.80650711439324
165.84212210004782
159.7030477863833
147.48072536867744
150.6368917499366
143.43852599450264
162.99781992271505
152.16507189100477
166.39376406963544
172.66858508391445
172.65902578709122
146.82573267795124
147.23170931463295
137.72878950130962
144.45977336116667
155.80743452990492
153.7602447488502
133.4361057709358
155.92598451375432
164.87041490530365
157.40362791699863
140.60123251337674
155.6901356993455
151.27858044603343
157.80924687679578
165.936605578416
138.9464086756348
146.4692142566211
149.6015593788669
161.2433109419133
132.74681174053592
142.33144595976177
155.88058650095195
179.50559515295913
163.2461872728514
135.89713927128514
166.76271625716836
156.30996057289246
159.9868635089822
147.01793336326853
135.7764797067672
152.75390619403228
148.4950561444842
132.00823449996798
161.98968709492584
150.20207636745738
152.47265335829314
149.17307834116576
127.63248640466796
155.14411754390778
161.06810070980185
164.68000508868946
154.93003488119996
150.93482817942552
136.3521925524252
145.66065137730732
155.57492421167638
147.22642838154178
157.33013810197875
136.61374645720892
148.54672968251793
165.61188672779804
149.75655117165445
152.25457364482463
150.29886030223474
134.1511351866345
152.3657698527902
141.58459182182403
180.9664491358691
136.8706977440205
152.47416788433515
135.1303830800042
166.61618666649383
153.5900309948184
199.46906071145645
142.67999003180773
127.88309681548327
165.00588355584011
168.5490205101475
170.0646359190799
155.57372638595922
157.47633928190302
158.55140313055654
134.39569142207654
142.78401136255212
137.92309877365375
150.51293992978188
141.23782292201497
147.1863253625815
170.27979917060387
168.34071906681362
147.91216135932135
151.4768856565499
144.8699521844806
142.71193476121186
134.37560933197057
159.3117501802652
141.85840863546468
172.02999618903863
160.43789496039693
145.15082308820763
158.0963850649555
130.04962190743572
163.9557763893497
142.27837542313196
161.7498630767315
159.59470809335193
135.09336724565577
154.51565647724
150.5931220121904
159.9711614943187
150.03276307399693
166.4848322667395
144.54102383596464
140.84685054251486
137.6403770819303
169.62833922313922
157.61011694179615
168.06385686187866
168.50779000409582
134.42453342550147
153.9439701734724
157.73175435013812
155.92135089224644
150.23847546223354
144.52965897509927
136.98369875723841
177.05507776993863
167.2298750247344
134.32028155737555
144.25117021178377
159.29353647612538
162.71152458667936
163.0103488017968
158.4125670341112
156.9002906316574
154.5630205531515
169.02337948441658
156.55660774750623
140.1917885628028
134.0390355091602
144.3952790103707
160.53857716125333
177.87906261477008
132.71601359700517
139.25004116111052
150.47688054915793
158.78049024656804
148.15843689720015
159.08975792383794
155.52400872240543
157.5733228220434
154.9846960479258
150.9284118859526
157.86036806564118
128.1168962656975
165.29410170313736
149.71786425058377
144.66133890300407
165.89877150329227
154.55521857703206
174.1883551570252
158.56747132116715
142.11568134794908
158.55050629215918
153.70469633964797
141.5476733833741
142.62310074983134
138.60283201812643
135.856814237124
175.235189379374
151.07449708944375
134.87741170888512
139.18520673356255
151.99493568838705
158.88346508635948
147.20872335181673
171.60357808299068
133.28378399214017
155.51417845799398
160.60274074396085
136.86322643588193
144.83592494797136
144.06674341373022
152.88540389182032
135.7992892181082
142.49878968886287
139.72623303113033
144.4212015153961
152.55653440434935
156.72851671202366
147.54022321939485
148.65039010138224
178.75810176991286
153.93322105981534
147.05686538342417
145.2777866274869
140.506935142224
150.125080372652
175.62376563468504
162.84255907514483
142.86849317757625
152.90834815373842
166.15207799077743
152.25075537935086
152.10464327563625
161.35718977690405
141.6496700156862
152.19106033971622
158.92326549077376
155.98537593109876
159.61333196512373
139.1756459976872
165.03654515928145
167.24820945442184
139.63559393058642
173.96632190630547
147.9044252433775
152.50149819324358
131.65269219063288
155.78024266280832
130.44282430126776
135.21758731945926
130.51342235305572
137.17054039281976
172.8614679645235
131.59010440207027
174.4752934927988
149.4077475982167
168.11919126242952
158.97412208344718
168.73061667675526
144.41220158389538
131.61005211060382
136.39035327400705
168.93170937855598
171.70574995945668
139.51326891644266
146.4651970397246
145.80305772612905
167.68694990669508
149.11923297005126
146.7101056420248
144.09984365605095
154.83244927018978
177.3122834047967
168.96974810212777
147.94297140531341
163.75316564365045
146.08041576945567
143.52328942215908
145.86777035174487
146.9683164474141
137.9025209093967
148.7288019275033
135.38430828647188
163.81674101814488
173.70256981171872
159.9612757027759
164.80474160944817
133.28871566828172
173.21634277822278
157.69100643880944
160.50624301120735
132.41834671294316
162.22861062222103
129.17725010068077
193.97830284511468
149.18578814944766
130.24540659539994
148.26035638576354
169.05161503700432
152.05405016846444
136.23178168623423
164.7320409098041
145.17550065739164
163.22499996467548
138.80178935957116
140.0650937270674
173.33400487470146
145.63711906253553
126.93488063466867
148.594422127908
156.08140279861624
126.00679435814902
173.2393077781344
156.54376522837845
141.13324176354257
164.0851175786966
134.27465065439122
139.44585178876218
168.9061620281642
160.4938260388739
129.69374058719512
161.18891597144864
148.26375527180934
158.91390634431679
155.9600924669123
165.76803214662914
148.12941258383614
148.63841718207016
164.95083501815745
163.63836152710266
141.7213727960006
177.3473901943269
143.85246153793565
151.33694942368578
153.06626662435065
159.02726792321332
150.84733684317675
160.78685900501904
153.79033471840972
161.6034878220578
159.35235805114672
148.82764632783991
146.1074175246626
146.1338680817188
148.67758546648247
164.97550264251365
131.3623017329732
134.45573634971743
152.9925118111155
146.80378875407467
146.8597685005913
153.45072527861535
163.35162546707818
179.24878545650282
155.22276506051344
133.9868200160077
146.28401981210197
142.0080498321987
152.15678799482055
130.92788910250297
145.86309000236028
153.07765665507952
149.5118932335468
158.8664184781299
159.10952245943264
140.88015962205364
143.19375581686097
141.3667314372941
149.4942280164354
150.7191762230118
182.98375333160652
150.96970059610328
163.19216746255515
147.01928347022633
157.88945029932398
159.29794115594143
144.72699058945295
160.8450449086768
138.45190328562282
156.04141089640606
146.83864524932386
162.40523708284906
150.73976076374169
138.8447179543034
177.4552213421939
149.9841216217841
139.13974884988744
176.0647829812821
145.19258766654866
149.07116444208472
146.70090647758278
162.81545782864697
125.56891958828663
163.8492175016242
172.28076037879308
139.07255716544208
133.2211568925136
144.58097432057622
171.31530586148907
156.96739155864196
136.60034446609552
165.66983855935308
160.54245793994818
142.3204556367353
157.00230767287536
156.99632306166103
174.5517024937996
173.34405477619993
143.652405136269
152.03291805162468
149.67547040233183
140.20170003535316
148.68606080979788
143.66232628590348
142.9590868281003
147.03818464429645
176.26122155201818
152.4358396605063
150.02085287906255
154.89224465723797
159.15398900701865
163.00466268234265
139.38367215948756
141.38915752316456
148.70007520686133
167.01246029896035
151.82047962000647
154.97534269789332
159.4941376697311
160.122790971781
168.22811834085425
158.08479616015086
153.18149082124987
162.56291113563168
141.31473690543555
130.9957921645137
146.24319377544887
169.33743077415767
165.7248415834942
153.5603619296649
148.84176207589425
158.4322617783897
155.204945280671
161.424385298247
157.09571969043645
155.5855094432636
164.97287520828723
155.5727193629005
129.99141525931157
170.40504988035661
140.1724977999957
162.87416225695534
141.13083047989556
133.97804356994124
135.1958653979305
127.26216522503921
137.53152462397279
133.92009818048388
169.9928653672793
171.11556776765374
142.5784868290386
175.34154634669258
141.58265790841565
131.70887951827777
147.6372943781995
168.26839500648543
156.54595643641701
137.14881998749394
165.53212767188847
168.30011181060308
147.4118050136115
146.80436321840716
137.51948878783256
131.8151774303038
129.57705642121454
153.50916865273334
140.68322396672016
140.9595863662367
160.4046083987655
158.21118990095482
157.05891509043698
166.34020583390284
164.00314989509087
132.56290968716428
149.5055320727487
158.86641312857031
123.21709750375774
151.31162719260055
146.4800583462947
157.4860103592738
150.08697392116352
158.09092447024014
154.80839334791295
158.17770014039343
159.43800487312518
142.93000753415424
171.61274711906688
141.31157951436785
172.983366572099
161.46250718889388
182.84747266717767
162.79459363853732
163.8075685216
147.59440034106774
135.50085568430833
154.54493512792845
156.75681674648237
138.89420731881236
123.86634213862973
121.68360327562414
143.46306340117422
129.80871865691006
163.4054330804086
155.2603545340562
174.76799396499305
172.61269962724487
169.76237082338014
137.0291824754682
146.04993543776766
149.74549023820305
144.19866589708602
142.8435695025844
156.13192130271182
144.39178319081333
164.71245453630866
147.77530062043093
149.59037184567381
149.3764897741687
152.88636157177626
140.71010310791212
153.07952975595987
130.8926852893341
174.6096092133486
150.51665095492953
145.70174178047918
181.32975118215325
193.16647775211504
162.9964185572146
144.97705213573167
167.66217260540003
130.3130571243126
154.55047315324734
154.94391177784172
153.46247436104795
182.7424843992157
164.27117234987688
144.34425745313436
157.84486096460603
136.87818265144668
141.46554199987324
143.65082083658314
154.22260598072614
136.98034042045418
182.108411132736
158.55755024960922
144.19649423087864
155.47928208181557
149.02507795826318
142.02292686504413
158.05428493104222
156.71525071250537
163.44970641460932
148.1482650616894
133.60967080395284
155.66806568809181
159.83100941418508
138.18626566677798
170.0535016957417
140.08972652033503
148.49513693370648
145.36059072251976
147.8950857637957
160.13585861772276
145.7362847488606
147.2159009812799
167.2735347818995
177.53603559080932
172.686925728598
139.34577537141988
162.77047728711568
160.38025211639996
175.3239096242101
149.4164438721853
149.71348355303456
167.0970962945419
171.57219557600797
148.2348885156104
167.83333744112576
150.99134910942098
159.1964073977193
164.8130608509245
159.63468874260096
150.6825821292378
159.87879637067886
180.15809062457697
167.91971175569387
151.42555303804272
145.6858251429925
157.95968772809854
151.83401347875756
140.9363785469738
154.24949772017834
178.53648381515646
158.19005673363998
132.79100870822924
134.89371940912503
158.48736528554144
136.81511749978154
129.90832780089812
165.6144594293372
153.18167013452924
160.55258121337974
153.34339355656275
168.83396827835057
161.742204283254
156.2691858427445
150.69962316726225
141.8997628555899
148.82210108572693
142.40068665172686
178.89501623483295
148.1294391487292
173.29044543027533
146.99294373261677
137.42863872681025
135.04754073892906
153.47181919278552
160.64135732224696
141.95286613858013
142.88564804467842
150.20259383317747
146.77494915877634
145.27788863578715
157.04240121647567
143.26560458401045
165.13420106600893
128.4875960170587
141.01419861441258
129.64178937731072
151.73353812610745
165.81975906014875
152.98176022123107
161.888403589564
142.44127501376158
158.9119122617142
147.0683057916218
141.48945516753332
151.32134089556797
144.29915454043226
156.26586620528852
148.91225128309185
155.18831164285183
142.66351293481034
137.48426152556357
174.1570243894711
148.1920000148161
152.1807191815809
154.22431742643556
154.6627515998169
146.2786418645556
151.0897825472391
149.898673858168
179.00182331710266
158.57542672419353
143.293199632614
149.4360553681208
148.90541667473514
161.99878502103982
151.2752177956431
161.16235251261168
155.49147739967253
156.67202962577255
153.76749139451258
163.77558197668998
168.77345477394556
152.74143323242762
155.7842897911083
161.65974350225486
157.1426071112622
148.89647954564373
151.6680540760068
153.32340566327738
151.24827623228202
173.27964788999046
172.32934595381147
139.98695830141813
163.29817793887983
143.2765982521102
133.709284089756
155.10232554937596
144.86964340816849
150.51250540500723
138.36191109529665
143.36508255809778
143.14711423486165
146.0475316217586
148.28893516673892
137.28283767024544
141.02866904078795
151.31605562157173
146.32237791332375
135.33399201338963
155.97485610592867
154.5110391149982
139.14905636034445
168.83409864908873
157.5229223708982
147.58897783457698
157.33669807539331
146.47253643272558
135.4954904187311
163.1729304070647
164.11120784114001
154.87368060877213
146.33924588129705
143.76008568683133
156.41776163137646
170.27452298329962
132.30690588766464
154.84165332799478
130.83791639529247
157.24814937968972
147.80089280624176
161.2459700209833
157.96279446018605
167.0309666425667
160.94396913900405
136.4105836831663
159.35445397732457
166.94763869142045
141.97219037580956
157.5033054002026
167.97136538853076
145.651788603554
152.24519635125807
153.24760584815886
143.8271756765515
159.78611482461383
147.17624458691458
142.50665483239203
165.1284397148522
171.00223276990957
153.27718163355655
169.7404588808362
161.10963491904388
127.71628312410746
143.31227794384225
155.79967585886942
151.72648828267154
149.80569247849382
139.4529607725118
133.5707560506429
141.38093864419608
156.79716041276419
140.69172850477264
148.48209092684664
163.59077171946515
148.9353581448007
149.49933219550292
182.79374697301566
171.53319264457406
139.14522842404705
136.65692232080698
163.31417447182386
128.7461657582333
154.0851339478426
142.6110019457705
151.45633294378516
141.72664199800482
139.228125609465
158.2679494847486
156.0650297908125
151.8626747058131
153.04267119099956
170.14194961429246
174.0857398835552
146.60352250488782
157.13457512382092
146.39437688690023
165.75648920499668
158.7609491512869
137.15488958841507
166.01989044246466
154.41197526345832
170.93559094661376
177.466144860948
169.8751689718635
156.55592653063417
168.22035251637226
169.51624849742825
164.45378648754757
154.3554381123516
173.01404874773436
136.45610828173244
148.17959548597236
155.5156294830881
144.8428508862957
151.70959352798633
158.76068106061498
138.66619352285653
150.59687996856272
166.97428823018967
168.78170401480838
144.88991099421338
146.0277772431544
127.36778428307133
153.93153822559944
138.30849369837796
152.3357448073184
138.669369951847
150.2755590331521
145.45493766556075
150.75980177519926
165.88231629840084
155.04411475451104
156.26811400816206
173.65733541407295
158.55961744345606
146.10049625514853
161.00153420334937
154.44641189317716
132.89544793255112
172.39064153175786
148.03041934002835
161.30211185491413
138.80147855091184
190.6479472762412
148.6745007289083
157.20646851602845
152.36300730470555
137.52194853419255
148.49246674790885
138.25419280507325
136.211977955519
184.4227619991123
149.00218486357244
153.69602084270144
164.45970244334984
158.05132699580503
158.12903168763447
157.40845116096025
162.691802349669
142.1562103937454
133.22885473795242
173.56790691843145
144.98658507041577
162.71553122569395
135.98153506181035
142.92790012527183
158.03466376697824
139.06443529298932
137.18844234479215
195.0736815214454
158.33165355134327
152.93127981105457
150.1102785253337
157.01909890710797
139.55855502925084
137.2755945000422
170.9935442275287
141.79603318249434
176.12935628391176
152.80291403664728
142.5362450481394
152.26783416347672
145.5344825700481
165.8884326452769
144.92921809148595
153.2976870198141
150.06632401334616
161.66104203969667
145.24315325969633
131.18643023199635
154.99725730083054
149.57691486099355
177.2308202769585
163.73672113177804
141.0307660555792
162.41617148905942
156.23424755990538
147.55478661321487
161.24992908773334
173.92613883528693
163.06273289278306
184.67156578577112
180.1450151213684
144.10490773369798
145.70715436496454
146.36411854862502
158.00696515290102
150.9381217397875
143.5217128211307
173.61648005141404
148.12761410232218
135.1578981842264
154.88553791930468
161.8977557680735
135.13060115485035
146.25182386979688
143.2350680097896
168.74535023763073
160.95859782000963
145.59715489480328
151.22648367390912
153.97273146414636
134.79648994434262
158.1283337717016
150.60555094068616
161.86978021263883
153.98575103685585
150.81904497775054
155.07866018036012
172.09221737661608
162.46604736221275
162.62101646393188
135.19263804577884
152.2818060709492
143.34382020810224
163.92538719429325
157.26389718823256
154.84813794028776
151.4737001146915
169.53454601116238
166.87462189600578
153.04541977223113
145.57432854217294
192.23355445659658
158.87280102388368
137.6788784221016
148.56415645813573
154.15793412313673
147.22692878832473
138.03927565127083
149.22378726775764
147.89373076617068
150.19854341261782
155.91460551180847
143.0128266809577
130.0748966709259
151.11669694543644
144.9672078266006
142.15640697670648
145.37786498182868
143.72965950736364
155.5755607332393
146.88080269705307
151.11058827229533
153.75994283554758
167.74207933866705
142.87935951390705
153.27348258273844
154.83405495350226
142.45577594379574
144.21020956350907
162.0217965238195
161.57640000895097
150.3899980677237
150.46978232719454
150.1900690159478
151.7959952100606
161.96203456697737
115.75109474542826
151.2750236391431
148.26147132175686
158.1707291405976
158.4080438060421
154.86140042193244
191.35850650700462
174.12125909515981
158.6414198669758
141.03753460903363
149.95298862010043
139.25680710493958
151.64814818486022
168.15758187988655
163.2148940873867
150.79159450806333
159.1260621643038
170.875165353973
163.1605436880188
168.3863718342975
171.64217330185318
140.4732129737181
160.16588074866658
161.05010232244115
131.5117486490278
153.5651922752212
151.6310922817158
152.05980044285286
143.9112007991564
147.2243062362707
161.96942245649768
142.38741340316295
148.17200503373417
153.32665864412553
152.14920702565178
155.45742290575262
176.66285576497052
140.56415531035628
143.43857534139786
145.0581936865948
164.07974095265587
140.82825577387496
149.10831365774789
142.94010924902028
134.52964214868328
174.77602779251265
150.30161169395683
175.2800925246524
152.82654120435518
157.66639824030335
134.7081895259214
143.86833255776554
157.91274429649343
151.0297911542158
147.87331364799087
166.04586646718718
162.91642159198543
162.68054185392793
155.6171683817223
164.2536579402144
138.32987316036284
148.635647788229
142.48766507079682
147.496571402344
153.01028596954225
150.84948537734851
142.2288692304279
156.06482161975532
159.67001274033942
162.15636887839767
145.02686068991378
137.73647414344862
168.3527393943438
157.08442755485802
146.3981956732902
145.9182108889908
137.93293642911527
144.02906921466325
144.97005412845118
148.92521228601817
175.13588474787935
151.92310133926722
170.51564656439473
151.73676720897748
138.57005716323238
137.96744427187576
146.8133608405092
164.12958297862696
154.97881280023634
140.16494131284372
162.57751749393384
149.96814769067475
139.11145092231382
146.82695628916196
141.09167445751302
164.40698375278265
140.96664667363805
164.81872028688457
161.34658970707392
153.44266207190515
165.8709253111102
147.87790194344493
138.58977720806877
140.15255590695918
170.40732551400095
138.32275921644964
193.50011764380338
123.24444634984673
154.90754884153586
148.52821462571202
151.71365655611913
140.83712624878308
143.66621961005814
156.22924634872103
134.82612257656805
164.7768212420997
168.56826865920627
158.26934245823753
175.481062871323
147.50392592165866
170.34538415630144
136.73093172282682
160.73458946304962
162.82294168298375
146.11754658881262
136.59195098909532
143.155661292768
136.6389308171167
138.70345095389678
157.13189144816084
157.04005180976392
138.052644074979
162.39291459517642
158.887285457541
141.05834245979827
136.6276134781519
133.47546463450422
142.57151656888834
153.07892750102408
132.6865143775544
127.3667484497627
166.59495695066664
131.16474301542203
154.93561629413406
135.6331982171275
142.01168274949967
152.46472267021596
161.844386952385
164.80290436933154
137.06676115056536
161.8976995292636
155.86570038854705
152.8594333216589
172.01467821153375
173.59130037156206
146.99903565231534
138.93240213842512
147.3056258591676
147.21700664539975
142.91021662387143
143.91620256674764
152.55864924691997
144.23053565621188
162.12549662460955
140.32961460604008
141.73285828496927
133.86755338641524
143.38815844480007
166.3364793031955
158.97961731746318
155.0324738286261
162.74045955299638
153.72670314274808
130.08800931216587
143.02529308510094
145.24399775618514
157.9032349153809
136.28190325382405
197.1200486077384
167.1492475528552
158.80398422706975
168.19080428429854
170.61149107386672
154.9716426072355
136.96139222202345
143.39098810672857
148.51079839201486
138.2464723902323
141.87206237625543
159.02469767761448
145.94447723839022
151.81279711860398
158.36606279459227
168.44823932241454
136.95122549994716
151.76687781409635
172.31710655171932
160.24568672535702
181.48671915766016
135.11897812179905
147.34990692934997
149.25988424779257
151.4053198772559
169.50709366086966
155.48121717639023
138.0522013754665
158.06918014782988
159.47164640896435
179.9598419079053
154.92838762718134
172.48087408723507
139.88137197040422
126.0109159755196
176.27155473050857
160.16754088081407
168.76794189538816
160.11646163460773
170.88050588773353
134.2891105301067
136.07335811040767
146.32937808338235
147.05816063731092
155.58527141785174
142.8743803217451
165.14531753946954
151.18915242599093
151.6340013160633
169.49301090425396
153.06319963113384
153.43516602232904
155.96255228330108
157.32464821066986
144.0988741247039
149.91879481158705
146.08687300882173
141.69058653318712
137.52739878613806
142.92919043191307
160.0872087447342
163.84004715526424
146.15327255929566
146.92079958044954
156.6880980497871
164.37261613756652
146.51158632979565
175.42301424679226
151.44668702314647
156.96879282015723
149.21110878624592
152.43707869797714
172.69805860872916
139.09078503041047
133.89376404777644
154.53724201544122
150.3749555948517
151.05718253992245
139.51601625369818
130.13272436543394
147.44819092829275
140.97989752629806
154.1838161319923
146.53677231278772
158.1366707820169
122.46321499406096
158.89960237103466
160.65112598747214
146.03376781516104
155.41941178691272
167.32974443258024
164.43950619561684
158.97297621586677
135.1892529290528
157.2157414795949
169.54841131365094
155.69378263008133
144.2996849430075
156.9954621730522
156.1675659339194
168.91747731074253
150.74804281253876
141.5792964115642
154.48825568869879
143.2126922527266
159.59923375601267
156.1646173064289
137.5158668422444
138.05566058415272
140.58670684676895
137.12867557522506
189.24387818957055
150.03869352799452
182.39480328079168
164.79668788990122
143.41903620316927
138.32152559030456
157.08724476081736
154.59372356331514
139.72489290404883
148.43124042550448
144.69928181845776
157.27644487036278
145.8314495934959
140.9784582839691
145.07073638309674
135.78095450911806
141.58360197325635
153.67922008971505
175.7264008713344
152.94334083875546
164.85239719141924
140.364667155778
150.71882121606504
159.49813656412968
127.96389196629457
147.11797205813414
169.64419325282637
131.89415438359958
159.51129199762886
167.38808460542688
159.33266983598634
165.5995235211675
154.14087927339057
127.11752967538297
160.32789721883987
164.8812664133321
142.79612984348938
168.25809564026574
139.00552629565868
125.53652409620126
155.20903256642129
139.2365402929436
150.62651120415558
153.3387554793735
149.09049858283885
164.94011155972228
168.79930152765576
160.57216427898248
157.04691606578416
148.35656647795395
143.84911812954383
152.09783448078014
160.63251183804482
134.83566030832682
156.54754620241795
167.5843634513235
181.972197704984
160.03493712742602
175.4378889154807
171.73742252593865
148.6663753906824
139.35674627162518
150.55100072808165
146.77071873789788
138.20469989198224
150.9070302405828
151.92911921893997
146.59512626165315
143.6795270019402
136.81806192067242
138.12507176450978
170.76529982806852
188.3672889932585
150.65478305176134
148.08876349554197
131.1440015156116
155.11396552107948
138.77400978296416
155.81269063668742
143.85578776015905
137.60404988033844
153.22414679080362
146.7074077493465
174.30213603873904
152.13287741905668
150.75582589683063
167.2245439420036
162.59095677477336
174.44439656361396
135.74849752570776
188.30876763777096
144.1071032286477
142.52846083336823
161.79779748345817
152.01176379072885
154.0564766991476
158.60782863204804
151.45253243969995
172.14163196239633
163.43437416136
174.05090489237782
155.08710752638981
183.5288838108079
174.52973356650364
138.41763668561822
142.31904178452118
134.01610722126452
173.58245595528325
153.04458339538857
145.53130883582455
159.01447072878304
165.1499222387791
164.99889059207732
143.51131958474528
151.77516814340336
154.33324761870293
180.73915193218042
172.47735044808158
157.87487324228164
160.86838787497112
140.4366263276255
159.38138338296227
137.42780132666238
126.17571465368505
144.42917532135243
150.51700569548206
149.8888338412305
137.9467247962662
148.65983990239454
132.5376393997791
165.21747724882238
144.66306142512903
172.79965476328732
164.621101549171
121.99703909550371
138.00698245214676
143.50112075469477
166.10096272081216
159.22184668021987
175.15097407920757
184.429359863334
155.19399759993883
145.00641721122525
151.139633370226
140.87601187348633
143.89156562067208
145.86604485017844
152.58546700774815
136.20244477445937
159.94468720304974
145.15614262277757
144.19625161739668
156.77364896572578
146.18522516768198
164.49266093931732
138.94822128411872
163.0760113427296
139.4700178823717
161.2978254957699
152.24954579211143
149.2972121551403
163.50914822000848
133.47614297879883
150.81794290717573
156.6785084391591
150.1283477496816
154.64664594156702
124.43014997255844
142.7408461801833
137.4224206511328
155.27595974712858
143.1849758675716
153.10824463262182
144.04152365004734
167.48671029366494
158.72028320228605
151.66705377478814
170.79844068146917
163.53363510335862
137.6040674906655
132.53401731419655
166.95989113220685
171.2605005002487
166.8745799293035
151.81500766796216
144.1762344285773
162.49882841830953
140.59678668547855
166.8293489940946
138.51059933377397
152.87409926456843
152.81341455699356
144.7055321017204
146.66099126604655
153.90551046670038
160.10814288573295
129.44969062633447
154.22900098616464
161.93958966242997
160.28201280380716
160.7702918978024
155.13260732881082
149.7443422375382
145.09818058761564
150.87031308262877
151.35780574317454
151.78062307612873
160.683295083938
154.01282149574587
154.5836336210058
159.00733575771633
148.18825316936818
147.86673582599155
170.70650536367953
187.99800130292186
141.93595063892093
156.96086628115376
159.3664776338931
139.60051653045062
172.06468997921394
181.90108898461898
141.77807579856466
126.90401390002344
145.90765857618433
130.0505480137521
120.65937925990893
147.05082576767876
146.70838868321084
139.65418791693804
149.1849449089342
163.74361533723265
139.54174468435082
139.9974141844135
157.7286829596892
133.05229971478596
181.27686722309602
138.20255151331259
145.336571055845
144.85116304909639
148.59859636653283
158.27615506964457
152.55517213598102
158.03560764023928
179.43238500356796
150.92863988285427
142.13163255181036
153.2147012116445
148.14620520991704
158.39389263583223
165.11743115311876
171.24675105288577
160.9814328646342
157.8166610716965
148.39720608949045
173.04548041573918
151.84263371875605
145.06544981362728
139.9904155646277
158.38317313572372
140.84178924266803
138.93578431168146
146.23039615172695
167.20130241083632
127.57849501732069
161.7391238477449
166.36068059822477
149.51643021197344
182.07058359819862
153.67510735716957
165.50821187824135
156.2586695773798
154.06363906061637
155.32333954213027
148.72117537897475
125.97853962176511
150.1454744427065
152.92749610893765
155.18951882010612
148.63310485222047
175.10068398387685
149.20191679601805
138.18028098334645
148.9437204706132
159.80238428983816
150.66076819493907
157.24134438764798
151.16049225773781
152.63795498597074
153.1860530079318
144.36834924560924
173.23421428539115
138.68336021912356
132.80169126019274
161.63758024460532
156.90582731145426
157.54577449373792
163.27177542446714
138.14474543906138
140.18848758001795
161.54408043190142
152.0766568551671
146.87354183083875
157.21199955344292
135.94592955487423
172.93851283600756
142.2517693213887
164.25793292263364
138.2840410131367
160.33746042685846
157.8552741852621
119.21076122800234
162.1168184207931
145.48025502158129
143.8537573935788
146.5775975571341
149.01160490007402
153.55863769305031
165.30868571455238
153.11743994323967
146.2483762109311
153.18465923833298
164.11782198987015
154.7245883268917
175.36547152182175
140.39905787761177
146.53520211736702
162.55506782634427
156.1107643190708
146.29429401598193
160.19009403924224
177.3898301172957
144.6148064134862
170.5885612820764
144.70107047995322
133.49479958433895
163.0141563291757
156.0853115590399
159.534541962833
173.44508875472977
156.80494233980147
163.3514387393027
170.49090068700986
144.46451936041336
157.15879965726793
153.7946826952017
152.70814460411822
149.874338911537
150.60398254107275
173.9040853718758
135.24545571168392
142.3180520663444
151.493880618702
135.4898628182512
135.76164199697735
151.48480562106184
145.1767434288909
187.83865178992232
141.04190815968022
147.68105573988456
143.68841895087203
139.2892213993891
136.08338838767844
156.45309985133792
176.52646400166424
149.94487620325225
125.16926906329277
144.76444468043434
142.74127134982692
139.59748179901467
129.91817992549406
129.76187997955503
137.98583067278398
151.6579452363961
143.3699218035326
164.10474134339398
134.6965410626404
158.31158022993856
154.04150958862886
150.794807077062
127.96497138797247
156.95938028229904
137.34033526474047
154.0377365128875
153.7982073516657
154.09995116660554
142.6700971488013
139.0091470495897
144.66627135948914
153.23474113138906
158.69458571342273
157.00667962493858
145.9495182966
168.11755825339728
134.89584723608476
150.3753059361007
159.9907482229198
156.6974105366485
137.7940519837187
153.7782549726803
149.99519810889984
157.50413298469994
131.9984339891509
142.42272490674554
160.29602949130722
133.77358420510345
154.1854672664424
132.76737135782912
175.8619427407551
163.44498815974228
167.5866990288618
139.48283668172758
161.57855262781496
146.13889987450756
146.96991162077018
147.93514946884363
137.10094469398072
131.79705974600978
166.95169854023712
152.66537245139313
158.88702938729077
174.76441048662963
174.64527199268738
161.02866524479964
187.3570407647466
152.86086319219962
152.84468017087755
165.43488972390648
141.3614854259819
175.28374164588843
165.6673574212129
144.3750196140629
204.1610873816845
152.2163139257226
162.45336219560826
142.29590982906524
160.98578945299926
171.92100100442786
170.96277852398083
166.7696292201889
171.55654151471134
164.0131395607312
162.02771565721054
154.96455922768516
136.55034738354266
137.68819197471416
141.48612045740666
154.67483660802637
143.9336105197928
161.27360050126856
173.3190679724196
152.4721452467591
136.30422837850818
163.23276245354705
158.89981974263097
163.04630957279636
153.82459306058615
169.32922641388228
139.6641798817943
156.38242790577334
147.48299744595192
144.95646743963664
158.70076653109183
148.45594340995208
139.4571566237809
160.5072297841541
147.54218738076574
146.99493979186764
150.0180298967097
134.58361445725328
158.75469378566206
143.68954156977992
148.01398990171765
153.87605141254963
146.64565673230953
152.59309729399064
146.7787072382834
150.59801939904975
154.78466248008078
140.61614963678048
166.67346625986198
144.25356499048385
151.51991681984256
146.80624463365987
146.01973181933045
149.97638993905636
159.31289829728613
147.22651822114682
139.88496494250197
147.00153482973013
145.41945694943468
147.30883501741005
141.20905475960927
160.86404174984744
141.30566350634092
163.59741306259264
147.95977494182256
163.0586460912787
139.75196116260724
142.73974865925635
134.86054456372568
167.7067586699851
141.10190986044722
130.37598217050973
151.39867437048298
126.1481010822275
149.09652900491724
156.15070231710737
141.07221678587067
167.4804325291172
172.0930165938031
160.37771831735944
130.6402628089615
150.20972524140245
140.1229045588645
149.32870808465913
148.43638075201085
178.89079386247624
160.29334141767788
182.06835774370214
167.29564101358199
151.40038608418152
139.01513064735497
159.53617406688522
151.60185992581538
162.35990312109323
141.2671410381633
151.22353547979912
160.62247447028457
152.07139732117025
137.5383465935608
167.090938517974
154.48000042699897
143.94646302898877
149.37180403676794
156.63306048792106
138.98391039659947
167.56671791343803
157.37717038398648
162.90229636720983
165.437774495413
159.3819125767943
169.41605892285642
136.0742922340399
123.74166332337211
153.35858618653
149.56086769823506
160.1944158232869
140.7530587837366
158.43271823799608
127.23227710182913
140.75696608801684
147.93090481627763
163.86677165372805
131.4116691951791
159.90884885963305
143.07757245462705
158.88810003135265
168.65016942189365
178.87588419119643
136.13304129115195
149.91475293935062
170.91508150142738
166.45004335743147
137.27049916595914
133.95812322679245
167.91017459764242
144.83438998304769
110.8668537082058
157.92537498554185
164.38283878338052
145.3252694701916
153.7704273607274
168.83591340138753
149.97302304472134
142.35355167302367
139.68027384506405
159.62334506666912
138.85882660392616
149.83532664022118
127.24670032571717
153.0000287815344
145.86050746098624
162.25122118864513
151.7462873096115
165.74053585920007
157.6243142846238
148.5767185603621
157.02132514356916
149.26137657770283
136.58632415012892
158.27377289212782
125.0085753774831
162.86181640982144
169.81667396473233
144.33461376414778
152.59130012208493
148.82088258452373
151.48131905202132
139.17020427665938
164.88964031512944
157.7502695710666
148.57748390811958
161.13806811482925
143.18890897778473
159.74174065946403
167.22727010934153
134.32093490354788
155.3629944204796
140.28251733094885
151.13283956491608
147.38009535472304
149.07057527262737
140.7967965190935
173.0415670336018
157.19387724402856
171.8569986761023
150.99280358569166
150.79819700971416
146.5733593926625
133.12687804072488
156.3626456310539
132.7348288396655
179.20085495804136
126.34845608900372
141.14116521979216
151.0394733360707
154.10522330106718
137.95023217032048
149.3637327813654
145.71626350217682
144.70606569667663
149.74927676963907
141.96421638122027
147.84181455899324
131.00580484304817
156.06990375926597
155.3644685379415
138.9916277334832
146.7554444665414
170.64749266955153
156.65436507128504
139.32447846341
176.24319253924835
137.04600912919145
170.1711281117319
132.41956962869386
155.6341671248215
146.609235107082
152.09351050657332
166.74324992370015
165.5659010548415
135.20537979013852
153.4164255217495
160.5674131712899
157.76902527212195
132.42579511845202
136.9414863941534
128.82382058786496
143.5355227490752
175.28260654114618
132.37500312897043
143.35559594437774
135.9197504692636
150.97349291918297
148.93320151488592
151.83064902444607
144.7949442443248
168.25785685231926
151.23746123993905
149.32525094331749
148.20390799745434
142.62341897244642
153.3280570895787
147.1400020275882
126.0030171848955
135.5732350080821
128.1663308747645
147.67105642550035
135.07673753137905
136.85684538466847
153.09422882015326
154.30957922613172
145.71217762529005
173.6010915303227
143.5563215373228
174.16402347381134
140.4299147959313
132.78487551284374
149.33612211493875
151.89492779044974
159.72968095700676
156.840119164281
147.5544807793746
163.73889110597867
131.72223223722716
164.14260285065888
141.24251603170114
150.53414607974258
154.6076875379009
142.72841750756004
165.18992044394275
143.8666455350197
149.70884757324504
159.3440879848721
128.04272379411788
177.41431532668645
148.42118468426654
145.22691638663395
131.7544963514415
141.96146105400823
155.90926965706964
155.28957118845463
161.28010805398395
166.40583072342906
144.19304401175415
145.363918837171
161.7243074321072
152.25550330246253
135.89975657303128
156.54936386525014
155.30241767862992
142.46918256099661
134.58787833015015
140.74023645839736
122.01798168036063
161.80325402709659
155.83544552915927
144.25270332988646
150.92151128635976
168.9892373948693
148.95742214157633
164.55375898656976
138.6216774287813
165.1713335298303
171.88658530515278
169.69326259822878
188.0776309568397
160.87513238359958
155.56471618329786
151.67309763672193
150.198861478856
156.73975444676898
158.33402787066865
146.7627677134395
173.73188949271534
133.5883184985758
151.3693280549261
150.68497611380695
142.50776286381407
161.291931194556
151.57996183170349
147.81443441482338
160.98806609338968
158.02160768357777
153.14081194138737
151.10579740269276
149.7701922812648
147.63528127277186
136.5812614259235
164.7022300917863
153.265936487192
150.6271736592369
134.7148565602182
147.28016957490564
148.8261922643502
154.7942355234731
144.92864379448355
134.3925400326068
168.19592479119612
156.14473739688407
136.57024913535653
150.97634963768525
195.522165448877
159.4001944189956
153.6718094159319
149.76337238673136
148.33202556113648
202.85081011251398
138.32309678671504
163.74276415793392
156.36086649917206
143.3012538099507
158.950114628382
151.57229550257273
146.1474011155748
157.43557721978323
131.08237141456914
166.02869807854717
152.13382442564705
177.7058191514016
175.51808772873315
144.31566578981148
145.24732648730858
152.12473600943014
158.44470688027732
169.6048608924503
150.61526084966522
136.83421378993327
148.8767527728865
174.22728055550874
135.4698763545661
151.4389777862516
122.7546944698802
164.25356003262596
165.05077261262073
164.537192896945
123.69840924751948
151.96205450090585
146.01539701647
143.83256951934322
149.96996697477633
149.8901792371819
164.42036644617832
126.48060231757736
173.76233600992057
130.42788142287213
145.26054526659806
146.78627462422196
150.95841255362748
125.78954474118297
138.16345042441168
140.3788754940168
166.89690325691453
158.34971977282146
136.89878388199176
158.23150277519414
153.09740124946887
158.3012381989245
161.04594898887876
118.22567126820431
174.52382367420662
154.57110972370353
174.91072527010732
143.65465741112507
140.7308025695799
142.58160238505516
153.16645748432043
135.46492944887643
161.6911255291196
132.38294751694477
126.83149523836263
141.93671067071722
135.93713565856928
155.44907345487454
179.05186379833785
160.2600593283241
160.42472102257318
140.92046754943303
138.38631947692284
134.01393191995493
127.05488706087888
153.43492762051798
146.569653246633
145.00944668912274
151.1710839561866
151.51013681111903
151.9588453221652
163.14609334318888
159.17605849754474
148.43870009495186
135.17255059430732
163.87288924195636
154.06547067168356
160.62913152815915
139.38496885528642
166.80149991968236
164.6745169963607
167.16071084748188
159.44115297011314
127.8353871498337
145.42170968911122
144.64026222352587
146.39565499187688
142.4602721410827
134.10870184543197
144.2660600000247
150.61278505207173
165.68973048558735
160.21060792538924
136.91484383681126
161.48968207478669
163.21963915006688
141.5992247688755
150.71056164183256
124.51480393595645
168.57988517467155
138.75433353589932
156.0025587895401
161.0038222421103
176.69906996775796
143.9895525564572
146.67619981196145
164.46196654798266
151.92981489299825
145.01920943769585
159.99833102271344
146.45924479575103
160.14486964009728
146.35656078953377
137.2495305208849
152.54011520516343
166.9899549280346
145.7082933220237
165.40219101604166
141.70577747846977
156.04770238527738
149.6761743195742
139.96452708729976
152.40561334408346
120.84521451868426
136.96735081928657
137.2027061841285
137.43763478817147
132.14615827225484
168.86212572037107
151.2280768450699
158.8413771935435
163.4333311884564
155.67940118552582
168.43170259889217
155.08375999038068
152.0228368710433
151.28300938909538
155.2258515984452
149.0859070378237
157.40594189401315
157.4625822761374
148.5374733964304
197.52773390313632
141.27870489339034
162.27127677551204
173.74944991446284
153.3366179009491
144.60945331038653
131.64944197661933
150.94672740566574
149.0807917250196
163.28204356349454
144.78339136553402
144.78687357568828
148.4834759090651
143.95256456412397
156.3657416561474
138.0281575446606
150.80424169420507
158.02986521338275
156.8143330430554
130.2796606196357
146.7902254098293
159.5091936240663
152.4172280305764
142.69661763359392
145.66655147915088
176.58646574663297
159.4345769062758
147.5170270842944
128.28258496946515
139.87032188945108
143.56504418368877
143.23276720143826
140.75281130594985
143.24668591393495
155.70983759707457
154.83457741571166
147.05047056723635
149.5937713929749
150.12525865778537
148.48520203107904
176.040642318257
141.51112386891373
151.52385788684316
126.68561577282597
126.94670105275743
157.95496190629396
147.1089429615567
143.03501506260466
139.47637486288386
144.69962609994343
170.9856093373856
177.66252934071233
169.78730875266686
138.3948940842778
134.9097590427507
124.14439373387481
164.92215017981079
143.76508395402533
173.50244290004628
185.05325853468588
141.85937419819928
134.26872754002534
170.969149165614
143.49076492864887
151.4061327710267
154.65174472020755
164.80881530561524
159.2926950329799
145.86550042334176
160.39924695279325
160.7826012821506
163.5410123848722
143.4047838780989
160.66884512133961
155.77689161315885
164.4222112373907
160.46611174604877
159.30950945170102
147.09415396846748
151.764967373579
142.99311961230995
168.9494845100561
154.0961180529355
180.4670524510222
155.84183448362737
143.00174820600597
151.36108385088778
149.75437744507178
175.48153911921554
134.0425730419218
148.88735661190182
132.0772446967222
173.58292168366432
133.37156923406593
148.12456992821998
146.00403523664852
163.63460028848675
159.75870135717787
159.316193558849
143.83111236047924
127.07736476399813
157.72949060768406
162.6907482962
146.6227416659274
162.13439419494404
158.9681861465631
175.2408286900375
157.38402247759535
145.88167352967417
161.71879500026182
145.03829143508588
147.29469256194886
144.4216575305623
164.14299711213891
156.09078350562135
157.18168777734974
156.08450242669605
181.29142575968285
160.73473609693872
158.82857933523525
156.9010798789783
142.44012118533317
156.5064304513068
162.84411108323437
154.0601501618903
143.2978155079106
143.35807990259946
139.50915408929367
130.80016248451983
145.00706997315143
147.6253510979979
150.2380420040193
160.3845180891371
139.36238029806714
140.64146384331931
158.34026462641793
140.35698251052418
144.55069109438455
142.70084323235727
155.60563720198473
142.10969509025858
171.6411667902508
135.1887854028825
139.26773587436202
157.97300317362243
147.48633180258238
146.3046779090502
181.57480604694305
145.74811561283286
146.92446465067513
152.51701567407747
141.24481210112106
164.47537394271072
153.63358897851802
147.93299010692675
159.9387167801548
168.90692424332843
144.5555527328252
170.3258883880042
136.91558911181838
148.456487299525
137.78404224338982
136.01582183014983
154.04787945304463
155.26478881919627
133.69720471174412
154.91906374242075
171.03278448363045
161.1908571423179
140.085490356043
156.61483010336792
159.77283637139064
134.58341027820975
150.42739378705045
160.27928249166658
146.44391386570845
130.78895081597616
143.4101686951482
153.92556069229025
159.72739110945682
160.99975750266162
133.47756847173972
165.960300041641
145.75649672635862
163.967349548315
155.83836956191556
161.41728464229973
161.05136787681056
138.84649124607608
140.26984766525163
159.12846011749454
149.824746377512
173.6491747329364
141.07501676129462
187.4083442054867
146.88980694464973
155.3584927730733
139.02704257509805
153.17038639009502
146.32622356990862
156.15405118555367
143.1250787413338
160.12399123696275
152.4089101245413
138.59947658648122
171.54373450858475
144.37096069539655
151.71992417086258
140.80676338554858
155.47388171329158
149.22905367197401
146.06358746565112
185.83010865151311
167.29849031550924
149.91775499397204
168.48439733551214
147.03232240872467
167.14888621662817
129.50345963319194
148.54301308717655
134.3920560493015
134.02080394188985
160.22853150287114
143.82256680649544
141.30089679592058
167.03545019553695
157.76371214920846
142.6533105342561
137.81578218377814
135.47847899922982
139.42315248731353
158.02481070933118
159.43493389967523
151.28939312281813
127.37690412849341
147.9676369672615
133.73049868849182
169.03658762283717
156.9032091168035
151.2267541256644
132.94890670071615
149.99145429127555
145.77539568704486
194.4639231276954
166.71462426696758
146.0685195423364
164.06042590658507
137.1087012898649
161.1626852804313
153.5089934726844
173.92035240564587
144.85230503372136
135.66506828185186
157.62601091764304
154.69531417711232
154.73423922156596
155.6846881902984
123.49894781359733
148.24223832972478
142.17437176631688
129.76923523769074
143.9733447042891
163.21035887368487
143.94283739799374
147.36850971875742
159.08527316894444
159.9020201029705
168.03171946180842
143.19726152268842
131.3820460873019
154.42529865326892
151.62358849554556
141.50547107521157
135.24611641410235
167.24643914290505
133.1028262282041
159.32449330782552
133.91537072505935
160.32392375690608
167.5567462402306
142.30265783983901
140.15204795037454
145.2020466583296
169.62816314444734
161.60073156914473
132.62911426131706
135.614598087499
163.08919005087432
151.8812397011499
158.52590713124323
158.20472109162776
149.95049057593468
144.89972845885777
160.077642130438
147.24171344141888
158.91100237982812
131.43988431005494
144.36603691713424
150.38701026599296
146.90280625605305
162.64220307734007
143.35542282848346
177.3114046734342
145.33675383944075
178.28360277844018
171.2268266897407
137.60817724855013
143.95333321305577
132.45453693478817
142.40069103485575
146.17164231915132
156.85940093634395
152.9759876029437
160.55374527145023
169.9187278296596
157.98236909956645
157.44549853156795
128.03134312918206
149.88694379525953
152.45309204271223
162.0279950026083
150.6437643473954
155.66475033493006
130.40429842403537
145.08339443431316
165.57641279415645
147.77000681076436
145.63424523077066
134.689161190522
166.36776871961655
164.35784785771443
162.5821128284367
153.7476523565193
146.91939334699978
154.46677364487266
154.15631620125066
145.29054873152774
160.93617879186988
138.89302995452195
138.4091137427609
147.39183714164545
158.44238440841187
132.61767240503406
158.7619694365189
149.03811023648922
141.7662883776704
151.97488826229159
158.0318866895208
151.32310823020225
179.8253757110235
153.55067228445915
180.96298694385754
127.1579971038905
144.68121590431008
156.21463356027272
148.4432519747429
148.65077637464475
172.61884948506565
153.20787517652064
167.87595579505324
162.95292303169072
110.74802823158817
143.5653301427485
151.99103332080057
167.4895520155433
153.74442683499487
169.51698406914682
140.13336788288262
172.01640493450364
136.04530311980858
168.50964616894242
149.35409871827497
157.84054528653314
150.43406452905845
165.63656029760617
148.29051113190124
146.39062286122714
152.9281884971112
139.26228306256513
144.00995761671237
163.9826061695435
147.82964906708276
155.26792666153213
146.0089580701378
135.94271984629646
169.9015432629661
149.66139803072872
156.32304821833742
166.83384492554154
171.5975684739591
152.13774758122867
142.22389434631737
139.01322965251444
151.37084031529463
154.5596429038751
163.75014037831454
155.4236446859821
163.11269381505466
144.06294429611643
161.75434141463631
153.98041024276637
158.07538100427723
129.1694151724326
154.75836473950454
151.7922639337421
153.62512032868878
147.64233666180212
136.55588422190607
141.36247582324614
159.2156841666968
147.93731880255166
164.0802942191822
141.2413799901961
148.86121016588743
152.26383688755718
169.65170201114634
181.59108414709678
143.40790721595354
165.28359287257567
132.35320486381318
147.90124566194902
132.3093192721995
149.53324681755498
124.19224358974677
163.1642430151354
160.0306694020329
177.09880955795836
154.93781763620615
125.76618255506
152.62426245189448
189.7108305271103
148.76449205063824
182.89749711134135
154.46579726944142
154.33371772521383
147.762220451956
170.98974374903497
145.49276802517196
165.32742336025296
147.55211229801438
128.18699029618926
140.33031707442234
126.54217063916663
132.94374097537326
146.315779382036
164.7272319807222
168.72479294996475
154.74970837266096
146.3948918535337
156.16143033185622
128.21826623501875
150.8351998669694
141.7243728998266
166.16131439927545
162.76773271120297
171.2538660689808
167.78580983529864
140.6795562440931
148.3715492712769
148.80939114658491
175.8071885784284
153.9163452640493
154.19600951206272
143.32001944032413
164.02890671082923
152.7722482271987
168.99499565435448
163.60677918085216
185.55268844409227
192.64187211130783
153.06533191942043
169.90132495131962
128.9811375370889
160.47967052585085
147.9010983868444
154.45479679575578
124.88395255083049
148.84490806330882
157.84035693629977
142.27436250988632
170.27151342974267
153.88219295929028
142.45626083883053
177.4812598616533
159.49470286603096
159.68483950583618
149.85839892050362
144.7611079229103
149.17008004540702
193.11875214750415
133.0909834104298
144.84217524883428
138.2269835228044
170.92666322929864
162.43602503322927
139.4372964103187
162.60210682318842
164.6409738205851
146.75688606655433
166.81072017845338
151.84572963604273
147.09678778880436
142.1501109900105
141.54441313439696
164.5048572849894
177.02097113814648
132.31396920369104
162.9712328109706
144.1664093704195
153.31500199942576
157.66911475713363
148.1185636075335
161.28243579110543
152.40735634536003
119.62598724084987
137.87177029780608
141.297393156814
165.4614749362412
144.26402527303046
159.2108644112913
140.88005970671657
167.62856434180702
142.14263619633766
139.32037450737954
155.6485116300473
142.52720488482413
159.11841601691927
151.0439565690679
157.20842507777172
169.11331815316646
136.1108827636907
141.7723021547759
147.47571771766948
172.8658487241324
143.48942267075282
148.81168489831236
152.7753546743054
141.73087035558999
157.66845141071383
147.9716327788276
132.53507938931364
166.07357746960884
140.07025496470013
158.64565994543455
157.32255046643922
143.29066385210564
133.25998477520127
135.08290447208546
143.06811538070497
139.53320174301376
133.62925163622646
169.59267137197108
141.2029675476553
135.6290007195869
139.761384619418
139.87139367709597
159.41252659586496
164.9472859918771
134.80104829468553
173.05603671576193
127.09624416324732
167.6945982898642
142.3855403392389
150.09208165226067
140.74309579007752
153.47057449833983
145.69150595298942
145.75495016038298
148.74396653334315
138.06767516252256
173.11513538492866
148.26176426885266
156.52115456665908
139.05116866070364
142.9079498462276
141.15330481623704
162.74009364119013
164.34590224963014
148.42882740763207
148.2151998648268
157.05729771330022
161.73245855538758
139.77836601038905
165.7197960600581
143.43166857971676
155.44884822259615
177.53141146833275
171.56058083997362
127.87664914534533
158.89925475862066
165.75483584783382
155.6350716369447
138.1606755801308
138.3795789247322
135.50532526997853
148.5248232155738
154.4017914942117
175.26950870546563
142.17205059371236
150.7965772364261
139.9975119358382
170.6202228642078
149.01629455034046
159.38632645403825
161.98219141304844
138.41434248791194
176.6996484966673
147.56714671522099
142.24386062351
158.67682086322134
136.4176963192871
145.8390039923672
180.5683104490592
127.1195753751876
135.75849748997845
150.31230683803236
158.22379488599154
140.04252425146512
141.91749562352027
154.70801253094825
142.01973987751754
158.4457478185883
151.83354936966504
182.45079768034415
159.44741698121183
148.74408723936432
137.84178461245278
161.89225245234684
146.53788086084305
168.5337690407154
150.41485627373726
147.01249334902107
150.00530046803658
160.44554317116706
156.94111475746115
174.78382826800564
169.81935728860597
142.41628331257152
155.25305337436868
128.83333330979175
152.5704580599582
139.8829741180326
174.2102375839848
128.54127537222578
164.703394797607
146.7980978068881
171.3921208823325
158.66320295524525
161.03368169039192
141.2775753355545
148.3886382143732
150.4583946311207
162.26478657389185
157.22442827912016
161.3622754969087
167.21750554067262
136.24611817017148
128.87610805802547
131.53306906968584
143.75273143705687
171.03007214540742
156.51887093241797
123.67584591875124
147.9661344428448
173.72095909253179
164.43645288464236
152.3220495289185
147.27010966861394
143.49641722614246
134.0278154898777
158.16349013308917
169.81457577553633
149.59206743379679
141.37924146994771
149.6786138065432
146.6399759159037
150.35263022112036
146.31255410827532
135.99817682964652
166.03747772786306
142.98639503928996
147.835223263348
141.04028574629712
147.7770683838234
178.65155223508685
154.6925210424225
159.68968116181895
147.1949774232965
145.26361058377339
149.738981240606
170.67724206421292
154.6253216644521
127.26805966409442
165.39461993349653
163.318932297874
156.18311472569712
144.24264586756962
123.24051198608522
161.29663030909086
148.76731872138902
188.4091675199928
143.2432797867994
142.0552108883992
157.67226503621524
134.8560595467157
166.51237746908743
148.84562308401638
152.88843236731947
150.6611608339087
133.42614558089522
146.73695326105684
169.4364971921176
140.63222253817406
167.02409435485606
137.0414692436246
179.75266985636785
144.12654010960003
141.03582336200566
172.27395661049206
149.57184380743035
169.59436712367028
149.85591072298763
155.20934273298707
145.59379314100613
136.37592718773612
156.69666348625918
124.20794013313258
177.6940983346405
137.56869006989217
166.5238543000424
166.16377476800045
144.94767852730882
141.95852359190948
151.040157829318
172.47729619825608
151.17238261214675
170.44359338089015
127.3070979646032
158.5313716271537
154.6524354240592
139.04201905686588
150.49073442160858
132.1290014226892
150.7719055842127
139.83016697598242
152.98627510859933
146.4078912599782
126.98982324918592
148.63993765209474
152.7032442730768
166.6850753074454
126.21342266347702
135.07908417977114
146.05140004861215
152.0146126404663
143.91375583209737
125.38576573132075
157.90062195876226
137.91091562708473
162.04381148732446
163.08074923504728
151.57724714633514
152.1103480919794
140.10629927581562
124.11439873017324
158.27263315719904
166.10843720779508
157.0128049921978
154.02971187050088
134.5506065016334
155.3016758218498
156.7250765705316
130.713459803519
155.128221491021
143.68787403669904
152.25263019141718
145.73348446782097
157.52067635263836
142.78130586760005
173.44223596418658
139.98022211214206
152.68160906663337
153.0101057450333
153.06735117617808
149.78119919690062
152.36451773005408
148.99964797010728
147.4236589067097
161.9502803343529
128.1245463791513
143.04766049963084
132.04221863894367
143.26839999088804
150.15552441597617
133.11529581590935
124.91027708044082
161.30658650525828
139.74609558083012
154.29485345488902
167.113137371422
146.86551722267538
128.85264294586113
138.29691059325287
170.29416515265058
157.7587285364808
128.63923214134758
150.57819371346795
173.8501451521206
159.74388231568446
168.3099425598377
169.7227091144379
146.6570615885825
135.61226093477222
160.10385965621836
179.64321499629608
151.6906591382318
138.68897902827143
141.37152283430922
131.42299365063425
134.432853604807
180.34880086090794
136.7472050147262
167.15808655294126
152.2967843886944
162.48046909796872
142.23766478039158
160.37898108605916
130.1738379647791
147.37334662789735
166.16600872960362
134.63616207917119
170.38957416736872
138.61765971943993
150.87959902045964
153.19730152131203
143.99721898338854
136.8871571313786
141.04713171910942
148.79412687490483
133.64703372492266
147.75554390174528
153.0457731018484
153.01942625840337
156.37157628483726
144.487099328976
169.4965201752484
140.28689557015576
150.66343380955425
151.2784182521215
156.04693362241738
145.58777998335177
166.08718843256904
146.4240910170967
156.73229650214222
171.9419755088195
162.4311529376313
142.75675781322286
152.61229006157293
158.47484398742532
146.21980785695172
167.26050978621075
148.10268117536373
126.02349578071671
146.5760040985869
149.06375350351192
178.83939170145396
151.41752957864196
168.12600131052181
135.42060076724638
141.86776031046202
181.93396610185434
164.45234829361493
142.56608506987607
150.61735872091018
158.6274480065481
152.49191381599292
152.7236390202932
148.1861348188246
154.93551449296095
154.27564786780925
141.89838954224638
150.12519545525953
146.7040668043561
156.010931361858
127.65829537365582
145.58273957816067
146.23932956711496
141.67921623301794
150.09515455638865
158.33969519774374
156.7795469866141
156.99946744596332
140.1088098081085
132.88914591085447
161.28115348871194
141.19332376333386
131.53946766293572
164.64845380471024
164.72838684241214
142.03897012719946
132.43926734145754
168.7255851210451
169.06680283055005
156.35093714434197
138.4912604543728
142.991002557319
159.10936658709738
149.20659731484497
148.94425978280975
143.29154241722213
152.39806263124967
167.99588896640466
146.2930970486373
141.3589832700079
166.25813456410233
174.10898240051972
149.60857244356055
148.51415303896826
155.66816864735296
159.15763734836213
167.91742793708343
141.12349053073007
175.2226270491007
162.4834581895972
159.26730353753908
141.00793339212817
168.73467105610985
148.71996644221983
148.6027010138112
153.61145113496997
149.88580102840683
160.99564362753136
146.46668659248166
136.91169893052745
155.95992783754843
151.71598955205744
129.1164440907262
153.16725460504642
147.88236678132108
128.8965057909941
149.15359268983497
145.9887981104368
147.35194569359518
167.0928717327073
145.4816549532104
141.98431006066411
154.88978026845027
165.26040114072242
148.08954957935478
150.69128084651223
143.23443022784312
143.32538988145865
166.10249646895002
147.7404527421766
154.4722444092514
145.8043387982247
142.59869077268826
156.41830337163583
169.1745384847761
148.1520335769607
149.8298466241909
153.40655340506532
182.36846519667205
133.63100814807098
143.5930463841483
183.05184125684713
157.84013101859563
140.77663176486806
143.12230372851974
160.86075206387366
163.54003957171116
165.75623018040403
144.42623994829455
152.26364467274246
170.82192168366544
149.54994024463423
160.77482908263704
153.4912547609438
174.03698988602002
158.688643448115
150.7691437378867
168.09665151283215
146.66442717000209
136.94835451485613
148.57247926408834
153.03072192866858
149.217277959739
126.18998873639359
168.432524656724
162.92796663774578
164.2479914655179
154.21990566927298
176.66358149482278
151.8706122268037
167.25218008279137
165.92692883674493
154.65890996905918
138.79417969331993
157.6890225955163
149.24924221023426
155.7202797059716
160.2193999686562
137.7892955486281
166.96550596098626
142.3518990480706
160.3021904683933
153.56972645849902
136.20276708334808
158.7016877449853
148.90135331657518
152.17988652655256
155.46772640799327
157.39887640312537
151.31732403636119
157.51453195339502
139.37115141691078
163.4698573143505
150.8455798880735
152.03551994511523
131.28573126846214
137.6091025054709
165.91514962655657
158.15895209879312
137.8483268891527
138.76146864173637
161.0536571230241
157.43493166476784
146.996070632719
135.47668984467234
135.91349951794427
150.93260031941907
126.74650654314836
141.06980648797338
139.91313563092993
154.30270584856518
176.26150794198142
156.03416392965215
165.59764266306783
162.6508231303841
173.43440255031538
137.1440347328495
136.14615190740432
132.35706650579365
145.63949954167813
140.49967148080725
147.904154208047
163.04863156928036
139.21703156235637
138.59526493278196
152.04464941057478
163.0640155977306
165.51868211212877
135.5558130935504
151.61900221115792
147.67626091994754
146.82427600903208
151.10678719008072
148.51944109182574
149.30170237047744
138.65726439541822
159.7980969180487
154.65568913608197
141.41683133206735
155.46706000269387
164.5941505441117
148.72812799378232
155.1482539621295
169.48880978961512
168.23307842661643
142.7585477939126
151.4149857950303
160.61568842421696
132.82334863378554
150.41288091949554
140.91671387873026
145.5858324153112
165.7303501235317
165.51223487584951
132.08031473025494
129.48574367300864
159.9877655247446
136.17944483201225
134.00820878761334
125.30265357318207
172.7173752882245
165.52492389482816
152.37553926969093
164.92118447904886
155.67213599428212
160.93340636900692
176.994269825879
191.97409484868103
147.22318769086365
138.69373677838115
135.9663201630395
147.91502136284655
151.1761065573528
136.35082846698634
157.68918150285936
167.71880212572563
149.5585457130756
147.09559021825584
153.3259477521505
136.10015559957867
151.28139547497278
156.44402135397618
149.71567195153347
144.1906023391246
163.61762696198718
168.6169524851753
163.89703740244119
159.8874298216777
141.48138910659975
151.63965970062048
137.05417126926534
150.05713180155755
161.4645371542818
152.11612254795733
152.5791510522082
171.11804276122317
162.2883463240926
160.83286484918318
169.24379121388168
167.92431868390668
144.31408843503084
156.78566709214942
148.94131272707506
148.64517393452968
136.3696888105899
167.34427300693798
155.46304432404372
150.76006440721903
153.23289020505996
151.96591454000082
138.23332124363947
146.42041473122865
173.44327580270726
144.11101082732762
160.1181327484084
161.89016678182287
131.74777253589156
168.48998576704628
159.80595308706148
155.5793869760373
151.58766133735543
142.67648135292058
157.6895173893659
142.88867918333415
145.16445343156266
173.99109423128624
146.17230017586527
148.0771700377649
145.96443276182305
144.83711399524736
186.7062241324952
139.5050852648208
152.03610610965393
126.15566230439534
144.30069947949147
136.97153060958402
131.43926963020834
131.2323647887605
147.648710755382
146.31286304790444
165.63296899832625
150.30933472996963
139.43145109178158
146.97567212208088
142.29130401320117
140.472539176571
138.45934044776402
151.0538709907781
167.52648420564105
156.2451021663614
154.8666441100316
153.7891136667032
144.82611401307918
156.55860879631035
130.50693051222657
156.00859842469043
150.59279594796516
179.69888901063848
161.0792463995284
128.7245950620911
146.59285686823563
152.70321952337832
148.27276841440784
133.3227397745421
148.19339709393543
164.4921091978542
143.06468834119778
178.98153055204574
147.63398660171524
128.44351560374633
147.7074227607852
135.63902854887095
146.00886980414143
154.39151498597866
144.54549336040586
153.83856523086973
145.33980182711502
166.328094129752
137.05604199337546
169.4760696302081
139.39667719048396
150.83382027387137
163.1591045801125
162.69476575383874
143.01817973688227
162.1159364564621
149.37296931247766
150.60757853744636
150.31141085938563
152.58838028556755
147.61775884555732
153.20924732544606
138.52696627003763
158.14473585716317
161.15384620299957
166.10530496719122
152.92312885564724
133.73478522807278
151.72492631690233
147.17839160620264
158.42532562968069
138.87536240748074
128.2609394757821
158.1966744545769
172.65440368011392
138.16866841511438
156.39269721994236
150.95823996013974
154.46158371149633
181.41759646783555
156.5341303534783
147.40557434867142
137.5436819553804
154.17538324797562
153.30524807012424
154.51088792432733
155.84741162543048
164.30032078650146
143.7973085420283
136.97177052651142
129.43180801834956
171.31620730811744
134.21251743295215
160.00433996640498
167.92394989300365
135.01578266305242
172.137753425531
151.48883896570095
151.0530863228302
171.88339901175632
181.80484665974956
180.56258901147916
151.62667211177677
178.77393728661838
140.06754619047882
153.7676247469405
139.1236656380475
150.7431770110855
135.19807087082006
148.7260681469109
134.12224474664768
152.0620295529855
157.02659569547697
133.2074561427927
162.58341236556868
137.79054924342472
126.59705446069506
160.46887726036027
161.12205334706115
143.29038334068082
141.86067635259954
129.2632853792976
140.36491120421948
149.03112499780121
145.7967146307517
138.31327357382153
144.89605667057788
148.73737270072314
152.70857907785094
144.73001791557027
162.40793574132985
157.56052284066283
165.6359058195054
158.59534710507526
141.65669585863077
161.11146852682805
144.43030603889503
146.3149801927555
164.88736077386375
144.25208525644234
141.34348084091968
159.46359679671326
141.26598453770686
152.30246485962277
173.9903759279482
139.97578271543338
132.58607639601234
158.58514809310003
153.31413921991552
134.4311188510428
191.68082821412003
146.80897501779552
139.51114133891082
153.5000092999668
162.65537117662876
170.14739297426695
174.02521256089383
146.92219915552866
160.93457326750286
163.15256877928712
155.39494081215312
145.5233503853952
136.98372415941793
145.30250102494395
170.71392178307312
131.28955314485944
157.18228223017596
138.00335704839353
155.06712048199893
160.77253281809706
141.61113573065757
166.8406693430531
155.82705101752254
137.085280594111
150.3935637783185
171.9731360982268
152.03442271228292
178.2461602585201
155.0901872394151
156.6455326201363
150.19727310120174
177.8345861396379
170.46400307216845
165.6296409645047
159.79068529057486
148.40727890930464
162.0527726410564
151.2794289989726
155.32392049467506
168.3007172456476
150.0650175158124
153.16651887745908
145.08367105935088
148.5682667202758
117.78944931680479
146.50061404944876
156.2136606865975
172.40297398776886
160.85490912457828
150.31547484408873
177.28829984377768
135.13579499698292
147.49301055783965
150.91875875691144
147.45450653365486
139.57712245912273
158.22516020659648
124.40717782577411
149.29597678853997
143.61987492429625
158.61650428576925
147.38733395630055
142.0411230261493
154.9653873457931
145.97511762065733
151.03783608699428
156.77285524617184
166.09951959558296
157.80745043574055
171.67164591045685
152.8730988529898
146.87588905740148
158.17963281845454
151.40072375016445
138.04743975890258
144.62873794460404
151.6659898043071
163.74656172084673
162.9155626084173
169.60099523146846
177.57321651569825
140.80739054707314
175.573873581214
142.93094427348046
151.89712617131528
138.5970400380837
151.4593585712016
154.38013666043753
156.56113302738692
148.25780871118778
163.55258207876352
147.7592437663209
130.9378491527081
153.16669280257955
148.19960215799233
142.8900076473597
155.13108097742855
146.84229906347701
147.60692341094142
133.70329354480583
163.2778208202775
163.40843436445817
153.8231654670285
177.9556881885482
149.62104779229486
145.77828401057627
170.11712147321805
143.72754495774404
164.5719906700835
163.08904346843642
145.7718249761959
140.57412531490553
161.81157394686977
169.08333926857972
181.63769651236404
164.0936014997542
155.03936270079484
142.62539535925472
166.02919224490017
156.783353653503
148.83317740206905
157.03625283773937
151.55993717496233
118.97401980513868
139.4670804451472
178.73720291559368
133.91397218267977
184.30153988614597
156.23119985443049
155.08562409153524
145.75354092162135
135.18137708343252
131.95542682512982
139.70962083445988
141.82604525605325
150.64066379523675
140.34312842259058
155.01081722902217
169.95181846935233
153.3196033003633
179.50580564257473
136.85584068146278
141.83386624361492
169.8720213190004
121.47309537022468
140.18049466969114
144.32501955549034
141.1016542524218
178.1468485591874
161.2420498723494
147.97216454531022
146.1854612929834
138.47806709247305
135.23901954162784
154.73228882193843
137.71023786394963
171.97724086181603
153.60509075025655
169.66176443495797
162.1100081155291
165.63296360809778
154.08007338693722
147.3379452545702
172.3411068361464
140.8072989620283
175.57248493894684
135.7631078518377
165.3882096437993
142.73698797419064
149.58745623128453
165.66886882594827
148.4973032225433
163.41859010555427
146.06294150672863
149.5669695601474
134.83511665384475
150.81367078036243
155.59437686360926
172.68662257112786
164.4535268210807
143.20129724314526
141.5456162327239
150.59748934822437
160.01552338742627
158.74101705208182
148.92705047135377
164.03989513242362
139.1160195563616
156.55372711220403
180.59809047523117
150.1142199529036
157.9270841652857
181.58522099003895
148.90856344454494
155.87473418963106
154.2567128253869
144.7915395274861
163.66310253810434
159.93763430560486
147.60838891693584
140.39344287047226
154.36660485881464
158.0572673358266
136.501849427024
162.8851354418498
163.72206169709716
150.88269601079554
176.22687392563674
131.05561437479923
161.7161006255933
161.23286970154592
175.00949578199368
144.77000555331608
158.78880820012827
159.0588118309131
164.43629472732707
153.17661046536222
144.26720085177118
148.38386221831468
133.5341854067139
152.13006188282657
160.8706324151833
161.4126799967798
132.18561811829375
170.15420974556068
144.48549815592634
156.85336167725774
146.20850890667452
134.04356402170458
137.07127478918346
124.26695225085498
151.5499719767454
172.81791519327177
153.10575505285118
160.34070427127477
157.2566702092219
139.38991231635492
156.19688902369538
170.17980163900876
158.27268877761657
164.5856315207045
160.11266708475705
153.38412883317218
163.08223293878996
150.91714846023723
128.49973756191164
145.31548140375247
150.78821669063475
142.30538118836938
143.1928632400962
145.28480094052796
173.05980732780296
156.34735451274008
153.16715586670443
136.3688901657752
152.82492611555335
163.7840116676528
171.51469550018908
140.5775403076654
145.0874899967424
135.95502459502123
147.54966761935543
135.80708766915131
151.94222972639324
148.80356247162368
159.81082853968303
143.44708124160712
161.27361111720575
147.2970929914702
167.39862130473395
161.3786377173979
164.50580271143662
143.64711939114528
154.11134333148135
150.66892187615053
166.6800650890683
169.4803308168766
156.71845187753837
144.35313571499387
153.09524577421087
164.37215086814433
144.98905017875768
181.51421857911492
157.3746361641182
141.43688069332558
127.1903029365628
136.3382060435668
141.17401880744336
149.468352252182
164.9603299486625
142.33459550695358
138.30176795253402
131.76399493971007
159.4009354061501
151.00419621487674
148.4603111007877
144.6330478614779
160.0070136201328
152.02287253722196
163.42731615585404
140.90402492108882
145.65459732740382
186.3979975219748
151.62876893476545
138.47017861702457
150.22215007960176
147.81169343968787
144.91524960502417
140.7657535815539
130.86968833859612
171.77153942900912
155.02669829415177
136.4940747307116
153.85398029679573
143.74550097967614
127.09738021426583
164.3619311767036
146.60050719069784
156.80264307066565
150.14299895233526
157.27983311499844
152.4221931937443
130.5620122201612
173.5278948105757
151.448667504159
176.12002421917327
167.35539678158358
182.481623970893
137.68938969332868
137.339517149003
146.87354651736985
148.04233821838534
149.25761348428424
154.2603523202307
146.46960688411286
129.2462713836995
167.18634695657124
150.5976778529896
172.5960489938219
132.9000905162453
146.50151567960904
147.51608652128618
144.99316713799936
144.20591778384068
151.35349066800495
143.60437149111058
154.47632292969377
154.87962882729914
128.61661036818845
160.55807857421684
150.10582021677988
139.04577821804014
155.09326506728002
142.51991954895317
184.37194527173597
164.89900204529286
158.7637088350093
155.58204402050725
150.322392970422
160.1122537990561
131.2141404956639
150.61637994362377
153.97978289916688
151.1113203221318
162.86115886858977
161.17952246829077
130.01508941043383
146.34391752685502
153.52392557652578
152.21031286015153
190.43752004108364
147.28280371121886
143.35195844351514
138.52137767929528
143.76089701644315
152.05532922215065
145.06652533449147
147.19588199262972
157.98091122907567
142.24392255970648
168.3912748341508
155.58040474714699
169.3918860664735
152.9393273644896
165.69185728857406
149.35358025911665
143.78620885409998
157.4711336779248
134.31151416013876
157.53746979767493
167.36119252549685
142.86189203206595
148.62035143006563
135.5367489257431
133.2684860406259
137.7060945647034
151.85173487555807
147.31391320906903
151.57746153477598
160.26587525349285
133.7453891983822
150.30222602422833
149.65121311879395
158.94432812237034
155.17536268893107
144.45785654009353
172.98376071554065
133.3385148629967
154.85274188808071
143.9583950989766
148.4733921057823
143.77084286450003
159.78554059190478
154.7853006300232
159.10070686718302
146.3776709326751
132.82638994412298
159.5067619133579
131.28210489781245
138.02373099682058
157.92508283578857
163.23519905593145
173.4468126355771
150.91815656904512
132.77004447543055
136.9905967653704
160.858802919478
136.50055519709434
133.01273541647632
154.15815331772063
130.46921432119026
132.13064376206597
146.55033491799995
130.0076986028917
134.14805659711456
138.85954578498973
152.9102252192456
135.28103601938682
156.1202745495219
168.00095294430784
141.73081561340476
160.1471918379143
155.65323520339962
153.78733194759366
140.848436363645
143.81969703864593
159.6257444117763
148.94716948971308
179.70470531798648
142.63218931591746
144.09088018636993
143.14130276071623
159.5928296702806
171.7135368288192
147.49488675546186
152.77095413627265
160.70211205585088
145.66272045894624
142.25521153644726
148.80248207531713
149.46324893479135
158.25785924847048
142.1103644880671
169.55194151707812
152.889854018339
147.30647517435824
135.0104795960778
141.91828958579316
133.98617396170422
182.52984489017203
153.6045591403632
159.2873732825348
155.20544804973127
150.44945237780385
130.6120357799177
159.31225465655032
146.03994113272984
152.46127030169455
156.50347768908853
163.98843653513813
157.79556713377187
147.63603803656596
132.39744399019824
159.0585466975091
182.33827470079729
149.47623640509022
139.8011331357053
138.4384852212388
126.31812214957478
160.85687699170762
149.03769041634627
163.2103597997621
160.99503095030067
165.32513686124832
139.6031653072468
158.74500320247083
150.44540653514105
134.42909564355884
163.14493954511673
147.0413741822111
148.41748221014808
156.6797213753867
189.27025433186478
141.86850605322826
156.68188202145137
172.81023816844743
173.5505307429009
142.03304570926815
160.47031119205803
145.84134923779894
147.94033384903332
152.91456602190388
131.10297640284492
140.10060338892663
125.83516959929148
159.8352696652115
134.61975297217873
176.32738502796389
164.48890874504445
160.54707588864275
157.355516465027
129.41796495027347
141.8483814151246
148.97030032503326
152.0513140481247
136.83009304117937
156.58514990727767
133.45270620673904
164.5020427442682
150.70985167183335
176.4163935005359
186.77683168681656
151.54480408047291
135.6701940072062
150.24739130073317
153.17769244736272
140.19705154880722
129.40170249621227
158.8101303011381
152.19639518147108
153.9295511757099
143.09658836122213
139.8191022758454
133.59107648571884
153.87663350498806
142.40195055687332
155.12448376845248
156.9830639548274
160.1772024346045
166.57180498370784
129.8179938591087
135.07731600300065
155.43709667201256
165.93730366527447
181.68864739043215
164.28189159125532
161.36439940491383
179.02779865590577
149.23708968171212
150.87400495172517
149.24107691906332
156.49591748584885
140.2968275391438
164.69057207256893
162.8220121015492
142.51596295970984
147.84306929484157
155.41867608691086
142.4995499338105
139.6346815110663
174.5444879415515
155.94326422115833
141.2423948187656
155.3427625732878
153.83408614701585
135.82684595829352
170.92642277113242
149.11507792853962
157.81304349607123
162.0710784170223
164.2588155184155
177.91961513930545
160.10382252001304
140.31923362235864
143.6488273844446
153.27545043289314
170.39655175674315
157.5834986350514
126.2802047443817
142.1316745736056
174.98780513073336
144.144697547186
156.39556867279794
154.33660256545642
128.24051402802513
149.21336565811964
139.17154639630652
179.2704586973852
131.14938661773996
125.5483224166041
150.136575187815
152.70736222282648
166.6995509918636
146.1547271741994
143.45439347470952
140.22435760769352
152.5709671658247
152.63726511540608
155.63705619881185
134.97802232990313
129.0845073760143
148.70825698077238
159.55978689624033
185.7495546424493
146.30595804360865
152.66515280179442
136.45613637492715
148.06351347558004
157.16325817470405
127.7292574206025
142.86671077851707
157.62359332485062
144.37863537199485
131.2175538014643
138.40335192932545
140.73532883893458
155.46115000971392
140.9939461481082
147.18964363679382
145.3924855837395
162.68488526125213
139.80466249672264
144.41003513274484
148.09650012766588
140.77847098424644
150.28918757134585
148.62528609732934
149.6175693849703
163.23502645801756
145.02600647166688
143.38778090192673
168.58664884534022
150.7175950003617
139.31359709030426
146.83533192679394
144.60664472927698
137.98687510962762
154.75817818287783
156.41263650242053
145.5620419303836
142.22732642985295
151.92781847655144
143.0082981626378
164.44729090068012
154.27131482661284
158.56507822410606
147.28787225371144
166.6498256083005
150.10685591820413
129.32366341766107
151.69332036275452
145.39945898914488
164.3117581847386
142.23875622744902
147.45410652105778
172.27830028327855
158.86083398643018
148.0912919004434
155.71127966907082
129.59779705631638
152.60246909458093
142.788241622646
152.87622967925608
152.01806102725078
148.50722313347723
144.62661050377824
145.54727082780988
141.48231193171853
139.933631292858
132.52148348051708
164.143719642458
172.09106283136947
138.76451459173214
129.81378954182426
154.02418045560887
154.26821315680672
150.8226252545313
143.98342495605496
156.09265140517334
140.97778773824643
152.0612693854924
142.3387891820638
157.66815652273013
162.4185277503163
170.65523987213834
155.01306894410067
145.73611946892473
149.76675111212194
163.09950728457645
158.83134811443398
149.19964909938068
147.13911109705333
127.85368191395706
151.55103677747178
178.95715593723887
142.23089925685883
156.72307963481646
152.34365273895654
150.79607353988774
157.45970554646044
190.26763655478345
153.15677269861624
155.33624667644585
157.64906360969275
157.3903280551826
126.96857675530512
158.0120489508527
142.03006579701807
135.55796914997893
126.93520166139501
157.91006793504914
150.28180636157546
149.21792148307225
165.0458684428711
161.5747218546588
147.2637403850797
160.27543052611003
168.3152991356535
143.38010434014555
152.65406026669717
157.5495798235856
161.46091718651746
140.27023509959037
165.26431057571506
133.3466707927219
151.29946082663434
171.40797699820172
137.1505509556743
145.4074076038118
174.6020870628945
139.82699762621536
138.8144326490695
156.94396753763942
141.23132605497722
141.39146795203231
148.5154353831811
133.8542278001672
142.73246124970984
138.2000336013623
142.52764364660658
145.89144301703976
185.9504029982516
178.26433531238766
165.9300571030435
150.9848527299776
185.92854487395545
144.30951027964738
177.0705547290006
133.4581163304863
141.30406727706446
145.23260953469267
146.17414487336856
138.43858995858895
149.71589457761098
149.21220069792986
163.65857772842162
156.44386713664179
151.88333911949957
160.07783430615646
154.58039786537927
180.0891307098113
148.8506289934014
168.52459301188813
161.47821095716907
169.1210786777654
157.67657496140976
150.21804931563435
179.44973876605894
133.35350746382076
154.43732370205896
152.78442465341243
148.20444973692773
151.08260050377342
155.69914955994165
148.3212150576909
143.31019172354138
160.8571341385662
155.9593848716454
135.57096566298623
167.90552661353777
146.23508467852955
163.901258263243
146.02511238823757
131.99521030591762
135.62843716608904
140.11678923921076
156.86822456177967
155.41361336810462
151.0327134609925
165.68470444025814
152.15702892659812
148.56584863392575
150.33278148677297
147.49380889025886
147.85983483974172
131.7206075761851
178.49757295649465
146.75047804674563
145.395573917177
164.40202027845976
168.00552906338766
140.2772568066261
142.10205968969143
165.0200987423933
155.91307718276747
144.82091514748763
167.16948340714498
134.9218764428867
167.2141522798375
166.91580683358512
182.03549538892983
140.7481630215848
158.84074042039168
175.28311646892143
142.1239215291254
161.2041820331677
160.8808123385055
146.24027326984117
143.92876896568572
163.07552128728685
144.2028370536546
154.29618099390262
146.00980379913472
152.182938049511
146.50893243283048
153.9563949158096
162.6712374795519
167.51765188419978
148.2674429898396
155.03340589216177
146.76503342016696
170.57934847052772
174.8705353324989
152.15219695924733
135.26687247056662
140.9931905921161
156.9020329551892
129.90966559706916
158.26765699229966
143.1509078126236
153.2181049987627
146.8342895897693
150.74295949174075
136.81520622198008
157.48498399904966
163.07014347166285
134.9687117243989
144.4506236702227
155.31462280049985
145.6404874539918
139.4438957042881
155.05774466476817
156.74476349236573
141.6651858140887
152.96702498123875
169.8945117541336
178.37706173757755
159.12742690744
123.88521378587102
148.5995483751497
175.87436761298153
165.658762436572
147.9076873575866
150.4958774810598
148.64427238159385
164.29010153222885
158.3475426114153
158.45383113683545
135.67451680012596
150.1896781229877
147.67400631697157
154.88448211173665
180.61917449976255
137.28252069573847
156.63378066881472
175.45396780403092
172.77016220266506
145.56027565481935
141.01953437961643
149.31668086208344
177.0033258487515
160.85277055285405
151.01678058376734
164.29294137898867
152.09533777903405
153.03374618277323
133.95853642861977
136.45449815516167
131.74940291666672
151.54941479669952
220.35845808077707
166.49391246070456
132.15708631300026
145.64816042007928
138.01790297032323
162.01224320111973
159.31604712194374
147.06620408683978
167.71223407598112
135.67458515227793
184.02734147678024
149.70596244498552
180.21202607060656
148.53630596043104
142.09011673387423
146.3508740611557
139.3544028244052
156.0107694977271
155.70650964648146
132.745739828246
152.47230498402985
156.33120520079956
144.78512728824313
126.88154540161297
143.53136198984527
153.69272330237857
150.62503606519715
142.3453322560582
153.87944640756353
145.7982791380016
163.8853965360416
139.14204381284412
166.62830592219598
117.9273636067042
163.16766171950798
165.05725107786807
154.38146268910094
148.1291063290696
178.28457556066317
151.49715639664254
173.72167948001757
171.9169370433468
179.60495924477834
155.40202979702525
140.2652926379942
174.39226858145292
147.3744988045784
166.26675596595277
162.57577482194642
159.97460129011958
123.28330418721129
141.71758015564325
155.41641938796005
162.91975507262765
120.95162347921305
190.70612822769627
158.6000628324214
153.72202922102014
168.57112129510244
159.04603307652835
140.13768871808793
134.18346068645835
163.45955836143693
159.98012646541574
148.5414925404816
144.86777595637645
147.97992874491524
159.1074682699874
145.51289903649086
152.2079950916028
149.73250094832787
157.54292074839714
138.69381463069234
135.28816128009987
157.44588434445856
132.75357353135712
121.499760124882
145.03017386922875
168.34961411771832
137.53559220687296
169.66325231497711
153.49815542234575
143.40694839966602
158.167607861098
159.01162405475193
147.5496335714965
140.98700820997755
157.9126459875804
153.15338206418002
155.6145824251325
158.6929098891461
144.0265794614493
142.06379232448364
147.28187416786727
138.69607791145177
146.36279559143588
157.68831614090539
163.45891848120573
135.2257285147232
152.72517141989783
157.9923664823172
168.13229089238448
128.83473601123822
153.03864861856482
142.16429950979466
155.6052667701095
148.50274205938075
131.65599563539652
154.2294718018913
162.8961462517283
190.75680122238674
148.40507265316197
130.83503437681196
165.06400778124998
146.47381847992688
160.8685118883899
154.05300534591984
148.86886940850752
142.29614437439827
136.82248043376492
141.72296538627293
167.40585472301802
145.07553246814146
147.69723996164305
145.395787417134
163.44028459983818
141.3583689649616
136.41240319144867
133.32697393279935
163.83061927905834
135.4536477160722
159.8317350743284
163.85839014833562
174.8840767116047
152.61004174718687
146.90417023917615
155.7621530076531
162.16656361613008
149.25979397948248
129.43039113156703
140.97806985987907
158.9653785748374
143.14969004793397
161.24557718635475
137.72975675991654
169.09753027691318
146.75187307704374
129.55523444789665
182.31924610295093
155.20683662338593
167.1496918562911
178.19312175447965
139.5493753905131
136.69228740663198
135.2036857589673
143.65404478704534
163.25142106942565
131.45670344891292
160.93412680154609
159.16820373219002
171.48781658522748
152.89157983882026
164.93915617357524
157.19899159264878
135.94120883752962
153.81706682487442
154.88970227695114
147.03352252999818
153.54200880654804
129.06005913611062
143.64133216769883
139.60578884163186
196.1546494314158
159.7445516047204
158.19221622343386
149.96146988779475
185.90525907723787
142.06583235807116
154.70982694832327
142.53333208961868
166.04511402898885
146.47170403026834
161.9207976595828
156.27753862065737
158.08156339582723
140.04252027041417
171.83667935950496
160.20708445561115
146.57405682276033
139.44716203356134
163.04102893032893
147.64153743326398
171.2261341734643
147.03247227928983
156.23482956132932
152.83315012567408
151.3128180105769
144.77770298712284
152.57045420460219
123.88788444252626
150.4273240744409
167.2146898353879
159.2063205971266
157.02324333415663
159.1847327133072
149.57653507041636
182.57195482008476
158.57294051051122
132.64792065546231
169.92676069705664
151.55533919227082
131.0465094311657
141.6404229676591
148.74703379814645
141.025509667514
148.66694404554946
137.8651788102111
146.93140761757087
150.87449855630916
141.249227789219
162.7292877955068
147.7502433726998
165.46328964485215
153.44061855288336
144.19546772541855
162.698993438337
132.02258935428478
182.35660760117904
142.1008074936516
158.46243648924272
145.94454250385337
152.96853324256273
139.72139656420865
140.25329283309821
157.06745727557086
139.8533826890702
155.72647023972476
170.9385481203862
179.23045800424458
139.0598203552564
153.61962993937925
137.4590541842915
176.40867798192028
148.9097707953915
159.48208755853182
155.50612588937818
149.4691516548015
164.14455542340158
164.29461233613435
171.82829512744007
147.16330736647723
171.4688537153533
142.00066888096902
139.9874101075667
150.99455768934203
149.50804158818448
153.33902804698332
145.8120585737147
131.64154168723587
137.71648864771288
179.92280783863467
159.09701279667053
144.61024130543544
132.07124315270613
141.18798771609147
140.053220996549
133.92190359052248
130.141956601766
136.40130314379368
182.9481055495819
151.17414602647142
158.17805864422235
160.37788650589988
171.18492792033786
136.14592838365627
154.72101550486488
157.5165051184321
144.69917239208098
147.22261784650863
143.46353287149816
145.5273652704483
147.13860517676255
161.41900679555272
149.01081529772642
158.32599540498063
155.78545192172857
137.77251366667556
161.02064481646497
150.06956176961688
139.6662461339337
155.72617401917952
160.49448222547
142.11461970622986
139.3817011966903
136.37426766452995
172.19161160444168
144.93907870364498
168.82670931814198
174.69601843345126
144.3689704711872
164.95341421727161
146.89596349629454
156.66646145122706
140.82652946865318
163.25243096388616
161.68088466062568
159.0278850685939
138.68536183072314
153.26512378761
159.74660229594315
133.34898803272526
145.1899718679332
155.99595758370782
142.8021881667724
166.9188151572057
153.54501740354175
161.71776570462595
145.81513918797037
167.72296611921615
135.36703802537735
152.91467792479486
131.90547277778433
156.13334965540233
148.1713766100084
138.85927719310695
175.24055535514808
131.58875168365284
154.4720940096559
177.61193218812997
171.69661318113612
149.77297410092444
154.23065166963858
135.67725455215847
132.8226163241992
149.1381918592396
156.61422799975307
171.25222335929826
142.31455588413752
140.76082037830207
153.49042357511377
166.91571924544127
153.40741173647717
171.39767300100607
155.60834343866793
149.76737317926808
148.8926497450305
172.55026329285062
143.16991929289023
146.3724207373557
147.67440118018325
148.0892689747289
149.54782225457666
148.70061878218672
166.3808483893844
128.25728723806225
136.92162934176966
144.76031808631717
161.48453639397027
143.85992956361986
163.6501183538509
153.88405867298042
135.7449372953509
166.8161016395633
166.38475754910218
154.3369590824877
140.75467890340394
146.22589728477567
144.6608285937079
131.53962246885072
172.07222654042465
155.03349153053188
143.27908185031453
171.53327419541765
137.13589736783666
160.07154408211443
158.66548371099753
177.06048858271987
134.34530478687535
156.41296052876447
156.87189737481407
134.39702024066233
131.06209377977376
142.3079013590674
149.01797491623793
152.25979247282618
160.3160419408034
155.1518875536415
161.03565790863996
147.5494148272649
138.39011636829628
157.19754232976464
145.59780590897128
153.5705373625005
160.5718151860084
137.45709701928317
172.01804356898433
170.97221593354828
146.72872823612443
149.38900188301062
146.54005745019725
151.29364032329292
144.9280926503784
155.5629275306357
172.18104074122834
132.01703108156585
155.3392733083071
156.0841475291862
134.46735984009786
167.99470925342013
150.00800514399427
149.09586522208946
154.57078423992627
160.41182008072386
152.38645434406726
138.80226644903985
146.94378806738678
141.51438437957964
146.6436408421054
160.53582101343116
165.77868867887463
153.92980994257812
163.06374855918494
156.78528855912356
141.46552913302352
148.511121926619
170.25999855026123
178.29721202054867
185.49804386957584
141.07767695236936
153.33442611527687
150.13265864806078
139.1536849531276
141.4265086476175
170.57116842923742
141.54135623823237
163.82500044460483
137.33215213682246
145.80867245057726
146.27506096790933
151.4565202619321
133.8240250065976
174.77826766463403
167.9581405784352
139.4594922686142
127.86421272371669
145.3719098367343
129.51496067148253
151.40664151981954
168.70197927818333
156.8993254824059
156.47248993401772
143.91403454254382
131.5378378040279
137.12499008770612
149.88179832677048
163.5620770817324
128.87382132780078
154.9130602572764
156.58604875413727
154.83711018154818
142.15687564475044
143.41735837419913
134.46116815905322
124.13487647917869
155.7220984218836
140.82949723382592
162.4905914283528
159.2513162916203
143.67579342878972
168.64789281399896
169.81830004487549
163.82016578617302
156.35535352617495
137.36407425592589
147.31033865640427
160.19227820524338
151.45770876429827
170.15828740991412
160.79991843463785
144.1124244568216
161.3120808729326
142.44475194506674
154.2658595234777
167.79342046550101
136.6366297067213
131.76143388552708
151.55370739610908
161.93825533327438
150.2682904919858
145.44994298970641
161.73800553099153
142.58967410634395
150.24443853421707
126.86904205317205
185.37500280146173
140.94331528509943
156.47843071238657
137.9498467347371
154.49199740925957
142.4609029633342
153.9561667020845
150.75995841491186
161.30711093654514
147.5585022092364
168.27568083583878
145.87150189570198
152.1821783057606
145.4510962121574
150.52739335772816
133.27851650934713
153.51005899787145
166.62186499794745
158.73866798367214
143.85904647351947
142.30853345197556
163.62563282260163
152.51935978690994
159.26303796571597
151.25858841025408
149.22773131022097
140.4192347323898
141.88093802330044
150.284114533979
149.7084309718005
161.7232210145657
169.910801557377
174.20645102155868
148.40401905650708
132.9314070994979
146.03005151376078
140.8589438167627
142.6555575136553
163.23993360644982
155.62181449726674
166.90624432109234
151.9625659457148
153.33211402359126
170.22678381549298
149.90058160746705
153.7578777065092
148.74497334261477
126.81896764183095
162.6703507960474
130.10456324650727
162.347910135149
144.81255318195855
132.8478865063983
154.35396975162377
143.78580929316598
